--
(48,74,91)
-
(16,0) (34,71,82)
(31,3) (32,70,86)
(32,3) (35,70,87)
(33,3) (39,70,88)
(34,3) (43,71,90)
(35,3) (47,72,92)
(36,3) (46,69,90)
(37,3) (45,65,87)
(38,3) (46,64,87)
(39,3) (49,66,88)
(27,4) (42,75,90)
(28,4) (41,72,88)
(29,4) (42,71,87)
(30,4) (43,69,87)
(31,4) (41,64,83)
(32,4) (43,63,83)
(33,4) (45,62,82)
(34,4) (48,64,85)
(35,4) (50,63,85)
(36,4) (50,61,84)
(37,4) (51,61,83)
(38,4) (51,61,83)
(39,4) (52,63,86)
(40,4) (53,66,89)
(41,4) (51,68,90)
(42,4) (45,68,89)
(43,4) (40,69,89)
(22,5) (37,67,82)
(23,5) (39,66,82)
(24,5) (44,72,87)
(25,5) (44,70,86)
(26,5) (45,71,87)
(27,5) (46,71,88)
(28,5) (44,69,85)
(29,5) (44,68,85)
(30,5) (45,67,84)
(31,5) (44,63,82)
(32,5) (44,61,81)
(33,5) (46,60,80)
(34,5) (49,60,81)
(35,5) (51,61,83)
(36,5) (52,61,83)
(37,5) (51,60,81)
(38,5) (48,59,79)
(39,5) (51,64,83)
(40,5) (54,67,88)
(41,5) (49,65,87)
(42,5) (47,66,88)
(43,5) (43,66,87)
(44,5) (42,69,88)
(45,5) (39,70,89)
(25,6) (41,64,81)
(26,6) (47,69,86)
(27,6) (48,70,87)
(28,6) (46,69,86)
(29,6) (46,68,85)
(30,6) (47,67,85)
(31,6) (46,64,83)
(32,6) (46,62,81)
(33,6) (47,61,81)
(34,6) (50,62,82)
(35,6) (51,61,83)
(36,6) (51,61,83)
(37,6) (50,60,80)
(38,6) (48,61,79)
(39,6) (51,64,83)
(40,6) (53,67,87)
(41,6) (51,67,87)
(42,6) (48,65,86)
(43,6) (46,64,84)
(44,6) (44,64,84)
(45,6) (43,65,85)
(46,6) (40,63,84)
(47,6) (36,64,84)
(48,6) (34,69,86)
(25,7) (38,63,79)
(26,7) (43,66,83)
(27,7) (47,70,87)
(28,7) (46,68,85)
(29,7) (46,67,85)
(30,7) (47,67,85)
(31,7) (47,65,84)
(32,7) (48,65,84)
(33,7) (49,64,84)
(34,7) (50,63,84)
(35,7) (51,63,84)
(36,7) (49,61,82)
(37,7) (47,58,79)
(38,7) (46,58,77)
(39,7) (49,63,81)
(40,7) (52,67,85)
(41,7) (50,66,84)
(42,7) (49,64,85)
(43,7) (46,62,83)
(44,7) (45,62,82)
(45,7) (45,62,82)
(46,7) (45,62,82)
(47,7) (42,64,83)
(48,7) (39,66,85)
(49,7) (36,72,88)
(50,7) (25,70,83)
(26,8) (41,66,82)
(27,8) (46,68,86)
(28,8) (47,68,86)
(29,8) (48,68,86)
(30,8) (48,67,85)
(31,8) (47,65,84)
(32,8) (48,66,85)
(33,8) (48,65,84)
(34,8) (49,65,85)
(35,8) (51,65,85)
(36,8) (44,58,78)
(38,8) (48,61,80)
(39,8) (52,66,84)
(40,8) (52,67,84)
(41,8) (49,65,83)
(42,8) (51,65,84)
(43,8) (49,64,84)
(44,8) (48,64,83)
(45,8) (48,63,82)
(46,8) (48,63,82)
(47,8) (46,63,82)
(48,8) (45,67,86)
(49,8) (43,71,88)
(26,9) (41,66,83)
(27,9) (47,68,86)
(28,9) (50,69,87)
(29,9) (51,68,87)
(30,9) (49,67,86)
(31,9) (50,67,86)
(32,9) (49,66,85)
(33,9) (49,66,86)
(34,9) (50,67,86)
(35,9) (52,68,86)
(38,9) (50,65,82)
(39,9) (54,69,87)
(40,9) (53,68,85)
(41,9) (51,66,84)
(42,9) (50,65,83)
(43,9) (50,65,83)
(44,9) (50,65,83)
(45,9) (51,65,83)
(46,9) (50,64,82)
(47,9) (49,65,84)
(48,9) (49,68,87)
(49,9) (47,72,89)
(50,9) (45,75,90)
(26,10) (44,70,86)
(27,10) (49,69,87)
(28,10) (53,70,89)
(29,10) (54,70,90)
(30,10) (54,70,90)
(31,10) (52,69,89)
(32,10) (52,69,89)
(33,10) (52,70,89)
(34,10) (52,69,89)
(35,10) (51,68,86)
(36,10) (39,55,72)
(38,10) (50,66,83)
(39,10) (52,67,85)
(40,10) (51,66,84)
(41,10) (53,68,85)
(42,10) (53,68,85)
(43,10) (53,68,85)
(44,10) (53,68,85)
(45,10) (54,69,86)
(46,10) (54,69,86)
(47,10) (53,69,87)
(48,10) (53,71,89)
(49,10) (50,72,89)
(50,10) (48,73,89)
(51,10) (45,73,89)
(52,10) (45,74,90)
(53,10) (43,75,92)
(26,11) (33,59,76)
(27,11) (44,64,82)
(28,11) (48,64,84)
(29,11) (49,63,83)
(30,11) (50,65,85)
(31,11) (49,66,85)
(32,11) (48,65,84)
(33,11) (46,64,83)
(34,11) (46,63,83)
(35,11) (48,64,83)
(36,11) (48,64,82)
(37,11) (54,69,87)
(39,11) (55,71,88)
(40,11) (55,70,88)
(41,11) (54,69,87)
(42,11) (53,69,86)
(43,11) (53,69,86)
(44,11) (55,70,87)
(45,11) (55,70,88)
(48,11) (54,72,89)
(49,11) (51,73,90)
(51,11) (49,75,91)
(52,11) (47,72,89)
(53,11) (44,72,89)
(14,12) (39,70,88)
(15,12) (37,68,86)
(16,12) (33,68,85)
(25,12) (34,66,81)
(32,12) (38,55,74)
(33,12) (41,58,78)
(34,12) (44,62,81)
(35,12) (51,67,86)
(39,12) (55,71,88)
(40,12) (54,70,87)
(43,12) (55,70,88)
(50,12) (40,67,82)
(51,12) (40,67,83)
(53,12) (46,73,89)
(54,12) (47,75,92)
(13,13) (41,69,86)
(14,13) (42,66,83)
(15,13) (39,64,82)
(16,13) (36,65,83)
(17,13) (32,70,85)
(26,13) (34,57,75)
(32,13) (47,64,84)
(39,13) (53,69,86)
(40,13) (49,64,82)
(41,13) (50,66,83)
(48,13) (52,73,88)
(49,13) (50,75,89)
(55,13) (31,62,80)
(56,13) (31,64,83)
(12,14) (42,70,88)
(13,14) (44,66,84)
(14,14) (44,63,81)
(15,14) (41,61,79)
(16,14) (40,63,82)
(17,14) (37,66,84)
(18,14) (33,68,84)
(23,14) (30,62,76)
(24,14) (35,65,80)
(25,14) (41,66,82)
(26,14) (43,65,83)
(27,14) (47,65,84)
(28,14) (49,65,84)
(29,14) (55,69,89)
(41,14) (44,59,77)
(42,14) (46,61,79)
(47,14) (53,71,88)
(48,14) (45,68,83)
(55,14) (43,73,91)
(56,14) (36,67,86)
(57,14) (32,68,86)
(11,15) (39,71,88)
(12,15) (43,66,86)
(13,15) (45,64,84)
(14,15) (44,61,80)
(15,15) (45,62,82)
(16,15) (47,64,85)
(17,15) (45,67,87)
(18,15) (43,70,88)
(20,15) (45,75,92)
(21,15) (38,68,85)
(22,15) (37,65,81)
(23,15) (39,67,82)
(24,15) (46,72,87)
(25,15) (49,73,88)
(26,15) (51,72,88)
(27,15) (54,72,89)
(43,15) (49,64,81)
(44,15) (53,68,85)
(48,15) (41,67,81)
(56,15) (41,69,90)
(57,15) (32,66,84)
(10,16) (38,70,86)
(11,16) (41,66,84)
(12,16) (44,64,84)
(13,16) (45,62,83)
(14,16) (47,63,83)
(15,16) (50,65,86)
(16,16) (51,66,88)
(17,16) (49,67,88)
(18,16) (47,68,88)
(19,16) (43,65,85)
(20,16) (35,57,76)
(22,16) (38,59,77)
(23,16) (46,68,84)
(31,16) (53,71,90)
(32,16) (52,69,88)
(44,16) (55,71,88)
(45,16) (48,62,80)
(46,16) (54,69,87)
(48,16) (45,74,87)
(56,16) (40,68,87)
(57,16) (33,65,84)
(9,17) (38,70,85)
(10,17) (40,65,82)
(11,17) (42,63,82)
(12,17) (46,64,83)
(13,17) (47,63,84)
(14,17) (49,64,85)
(15,17) (52,66,88)
(16,17) (51,65,87)
(17,17) (49,65,86)
(18,17) (46,64,83)
(19,17) (38,55,75)
(29,17) (52,74,89)
(30,17) (50,72,88)
(31,17) (50,72,89)
(32,17) (49,71,89)
(33,17) (49,71,89)
(34,17) (49,71,89)
(35,17) (50,72,89)
(36,17) (51,72,88)
(37,17) (49,70,85)
(38,17) (51,71,87)
(45,17) (44,60,77)
(46,17) (43,59,76)
(47,17) (44,67,82)
(56,17) (41,69,87)
(57,17) (34,66,84)
(58,17) (31,70,88)
(7,18) (35,74,86)
(8,18) (38,68,82)
(9,18) (40,63,79)
(10,18) (43,62,80)
(11,18) (45,62,81)
(12,18) (48,64,84)
(13,18) (49,64,85)
(14,18) (50,65,87)
(15,18) (52,66,89)
(16,18) (52,66,89)
(17,18) (47,62,83)
(29,18) (50,76,88)
(30,18) (47,74,87)
(31,18) (45,75,88)
(32,18) (43,74,89)
(33,18) (40,71,86)
(34,18) (38,69,83)
(35,18) (43,72,86)
(36,18) (43,71,85)
(37,18) (44,70,84)
(38,18) (45,70,84)
(39,18) (45,69,84)
(40,18) (47,69,85)
(47,18) (44,66,82)
(56,18) (43,73,90)
(57,18) (35,67,85)
(58,18) (30,67,86)
(6,19) (34,73,87)
(7,19) (38,69,84)
(8,19) (41,65,80)
(9,19) (42,61,77)
(10,19) (45,61,78)
(11,19) (48,63,81)
(12,19) (49,64,84)
(13,19) (50,65,86)
(14,19) (51,66,88)
(15,19) (52,66,89)
(16,19) (49,64,86)
(17,19) (44,58,79)
(20,19) (56,68,89)
(29,19) (48,77,88)
(30,19) (46,77,88)
(31,19) (36,73,84)
(35,19) (36,73,85)
(36,19) (34,68,81)
(37,19) (41,73,87)
(38,19) (41,72,86)
(39,19) (43,71,85)
(40,19) (45,70,84)
(41,19) (47,69,84)
(42,19) (48,68,84)
(48,19) (48,73,88)
(49,19) (41,70,83)
(50,19) (37,70,82)
(51,19) (35,68,81)
(56,19) (45,74,92)
(57,19) (35,66,84)
(58,19) (31,65,86)
(6,20) (39,67,85)
(7,20) (37,61,78)
(8,20) (40,60,76)
(9,20) (40,57,73)
(10,20) (45,59,77)
(11,20) (47,61,80)
(12,20) (50,65,85)
(13,20) (52,66,87)
(14,20) (54,68,91)
(15,20) (54,69,91)
(16,20) (45,59,82)
(19,20) (39,53,73)
(28,20) (49,77,89)
(37,20) (29,69,82)
(38,20) (34,72,85)
(39,20) (40,72,86)
(40,20) (45,71,86)
(41,20) (47,69,85)
(42,20) (46,67,82)
(43,20) (52,72,88)
(57,20) (42,71,90)
(58,20) (33,64,85)
(5,21) (43,73,92)
(6,21) (49,70,91)
(7,21) (49,68,87)
(8,21) (43,61,78)
(12,21) (42,57,77)
(13,21) (45,60,82)
(14,21) (47,61,84)
(15,21) (48,63,85)
(16,21) (41,55,77)
(38,21) (28,70,83)
(39,21) (36,69,84)
(40,21) (44,69,86)
(41,21) (50,71,88)
(43,21) (51,71,87)
(44,21) (46,67,83)
(58,21) (35,63,84)
(8,22) (52,69,86)
(9,22) (50,64,82)
(10,22) (48,61,80)
(11,22) (45,59,78)
(12,22) (40,55,75)
(17,22) (42,57,79)
(39,22) (34,70,85)
(40,22) (43,70,86)
(41,22) (50,71,88)
(43,22) (50,70,86)
(44,22) (42,62,78)
(57,22) (49,72,92)
(58,22) (39,64,83)
(59,22) (37,72,90)
(6,23) (49,66,88)
(7,23) (50,65,85)
(8,23) (49,64,82)
(9,23) (50,65,82)
(10,23) (53,67,85)
(11,23) (53,67,86)
(12,23) (55,70,90)
(22,23) (53,70,91)
(23,23) (46,71,89)
(24,23) (36,69,84)
(25,23) (28,67,81)
(26,23) (26,69,82)
(27,23) (26,70,83)
(28,23) (23,67,80)
(29,23) (21,69,81)
(39,23) (29,69,82)
(40,23) (42,71,87)
(41,23) (49,72,88)
(43,23) (48,67,83)
(44,23) (43,63,79)
(57,23) (50,72,90)
(58,23) (41,63,81)
(59,23) (39,71,87)
(5,24) (50,71,92)
(6,24) (49,65,87)
(7,24) (50,65,85)
(8,24) (50,65,83)
(9,24) (51,67,84)
(10,24) (51,67,84)
(11,24) (52,68,86)
(12,24) (53,68,88)
(22,24) (49,73,93)
(39,24) (28,71,83)
(40,24) (37,69,83)
(41,24) (49,73,89)
(43,24) (49,68,84)
(44,24) (42,63,79)
(57,24) (52,72,90)
(58,24) (42,62,79)
(59,24) (40,69,85)
(4,25) (45,75,93)
(5,25) (51,71,91)
(6,25) (52,67,88)
(7,25) (53,67,87)
(8,25) (53,68,86)
(9,25) (52,68,86)
(10,25) (52,68,86)
(11,25) (52,68,86)
(12,25) (52,68,86)
(13,25) (53,69,87)
(14,25) (51,66,86)
(15,25) (43,57,80)
(43,25) (48,67,83)
(44,25) (42,62,78)
(58,25) (44,61,80)
(59,25) (40,66,82)
(4,26) (46,75,92)
(5,26) (52,71,90)
(6,26) (53,69,88)
(7,26) (54,69,87)
(8,26) (52,68,85)
(9,26) (52,68,85)
(10,26) (52,68,85)
(11,26) (53,68,85)
(12,26) (53,68,85)
(13,26) (53,68,86)
(14,26) (51,66,86)
(16,26) (54,65,91)
(41,26) (49,74,90)
(43,26) (52,71,87)
(44,26) (42,62,78)
(45,26) (53,73,89)
(58,26) (43,58,78)
(59,26) (42,66,82)
(5,27) (51,72,90)
(6,27) (52,70,87)
(7,27) (54,69,86)
(8,27) (54,69,85)
(9,27) (54,69,85)
(10,27) (54,69,85)
(11,27) (53,68,84)
(12,27) (52,67,84)
(13,27) (51,66,84)
(14,27) (51,66,85)
(16,27) (47,58,84)
(41,27) (50,75,89)
(44,27) (43,63,79)
(45,27) (48,69,85)
(58,27) (44,59,77)
(59,27) (44,68,84)
(4,28) (45,75,93)
(5,28) (49,70,88)
(6,28) (52,70,86)
(7,28) (53,70,85)
(8,28) (53,68,83)
(9,28) (53,68,83)
(10,28) (54,69,84)
(11,28) (53,68,84)
(12,28) (52,67,84)
(13,28) (51,66,84)
(14,28) (52,67,86)
(16,28) (43,55,81)
(40,28) (44,73,86)
(44,28) (43,63,79)
(45,28) (45,65,81)
(58,28) (46,60,77)
(59,28) (46,70,84)
(4,29) (43,74,93)
(5,29) (50,72,90)
(6,29) (51,69,85)
(7,29) (52,68,84)
(8,29) (53,68,83)
(9,29) (53,68,83)
(10,29) (54,69,84)
(11,29) (53,68,84)
(12,29) (53,68,85)
(13,29) (52,67,86)
(14,29) (52,66,86)
(16,29) (38,52,77)
(38,29) (30,68,79)
(39,29) (41,73,85)
(44,29) (42,63,78)
(45,29) (45,65,81)
(49,29) (45,65,81)
(50,29) (37,57,73)
(51,29) (46,66,82)
(52,29) (50,70,86)
(53,29) (52,73,88)
(58,29) (50,65,81)
(59,29) (51,74,88)
(6,30) (50,68,85)
(7,30) (52,68,84)
(8,30) (52,68,84)
(9,30) (52,68,83)
(10,30) (54,69,84)
(11,30) (54,69,85)
(12,30) (54,69,87)
(13,30) (52,68,86)
(14,30) (51,67,86)
(30,30) (41,73,83)
(41,30) (53,73,89)
(42,30) (52,73,88)
(43,30) (50,70,86)
(44,30) (42,62,78)
(45,30) (52,72,88)
(50,30) (46,66,82)
(51,30) (42,62,78)
(52,30) (41,61,77)
(53,30) (38,58,74)
(54,30) (40,61,77)
(55,30) (49,70,86)
(56,30) (52,72,88)
(57,30) (53,70,85)
(58,30) (55,69,84)
(6,31) (48,65,84)
(7,31) (51,66,84)
(8,31) (50,67,84)
(9,31) (52,68,83)
(10,31) (55,70,86)
(11,31) (54,69,85)
(12,31) (54,69,87)
(13,31) (52,68,86)
(14,31) (50,67,86)
(15,31) (37,53,75)
(41,31) (51,70,87)
(42,31) (49,69,85)
(43,31) (47,67,83)
(44,31) (50,70,86)
(57,31) (55,72,87)
(58,31) (57,71,86)
(6,32) (45,63,83)
(7,32) (49,66,85)
(8,32) (51,69,86)
(9,32) (52,69,86)
(10,32) (55,71,86)
(11,32) (54,69,86)
(12,32) (54,69,87)
(13,32) (53,69,87)
(14,32) (51,68,88)
(15,32) (37,55,77)
(31,32) (46,61,81)
(41,32) (50,68,86)
(42,32) (45,64,81)
(43,32) (49,69,85)
(6,33) (44,65,85)
(7,33) (48,67,86)
(8,33) (51,70,89)
(9,33) (51,70,87)
(10,33) (52,70,86)
(11,33) (53,69,87)
(12,33) (54,69,88)
(13,33) (52,68,88)
(14,33) (48,66,86)
(15,33) (36,55,77)
(22,33) (50,70,91)
(31,33) (54,67,89)
(40,33) (54,69,89)
(41,33) (49,66,85)
(42,33) (46,64,81)
(53,33) (52,72,88)
(54,33) (50,69,85)
(55,33) (50,70,86)
(58,33) (54,71,89)
(59,33) (49,74,91)
(6,34) (47,70,90)
(7,34) (49,70,89)
(8,34) (50,71,89)
(9,34) (50,71,88)
(10,34) (48,70,86)
(11,34) (50,70,88)
(14,34) (51,71,93)
(15,34) (40,62,84)
(22,34) (47,66,87)
(23,34) (50,69,91)
(26,34) (41,71,96)
(29,34) (43,70,91)
(30,34) (47,66,88)
(39,34) (56,67,90)
(40,34) (52,66,86)
(41,34) (52,67,86)
(42,34) (54,71,88)
(56,34) (53,73,89)
(57,34) (51,72,89)
(58,34) (48,72,90)
(7,35) (50,73,92)
(8,35) (48,71,89)
(9,35) (48,73,89)
(10,35) (45,71,87)
(11,35) (42,68,84)
(12,35) (42,67,86)
(13,35) (46,70,90)
(14,35) (44,68,89)
(15,35) (37,61,83)
(17,35) (40,64,85)
(23,35) (48,67,89)
(24,35) (52,68,93)
(25,35) (51,69,94)
(27,35) (46,69,92)
(28,35) (41,64,87)
(29,35) (45,65,88)
(40,35) (53,66,85)
(41,35) (54,68,86)
(55,35) (50,71,87)
(56,35) (49,71,88)
(8,36) (45,71,87)
(9,36) (46,75,90)
(10,36) (39,71,86)
(16,36) (36,60,82)
(17,36) (34,57,78)
(25,36) (52,67,91)
(26,36) (51,66,89)
(27,36) (53,68,91)
(38,36) (57,67,88)
(39,36) (56,67,87)
(40,36) (57,70,88)
(55,36) (50,73,88)
(56,36) (50,74,91)
(7,37) (47,74,91)
(8,37) (42,70,85)
(16,37) (39,63,85)
(17,37) (40,63,84)
(18,37) (41,64,84)
(26,37) (52,66,89)
(27,37) (50,64,87)
(28,37) (53,66,89)
(29,37) (55,69,91)
(32,37) (58,67,88)
(33,37) (54,63,83)
(34,37) (51,60,80)
(35,37) (49,59,79)
(36,37) (50,60,80)
(37,37) (49,59,79)
(38,37) (49,59,78)
(39,37) (50,60,80)
(8,38) (46,76,91)
(15,38) (41,69,90)
(16,38) (44,69,91)
(17,38) (47,69,91)
(18,38) (49,71,91)
(19,38) (46,68,87)
(20,38) (46,68,88)
(27,38) (55,69,91)
(28,38) (43,58,80)
(30,38) (40,52,73)
(31,38) (41,52,72)
(32,38) (41,53,71)
(35,38) (41,53,72)
(36,38) (47,59,77)
(37,38) (52,63,82)
(38,38) (57,68,87)
(14,39) (36,68,87)
(15,39) (44,72,93)
(19,39) (49,71,91)
(20,39) (47,70,90)
(21,39) (48,69,90)
(29,39) (48,62,84)
(30,39) (53,65,87)
(65,39) (28,64,82)
(7,40) (44,75,93)
(22,40) (51,70,90)
(23,40) (52,69,90)
(41,40) (44,65,81)
(42,40) (36,59,74)
(43,40) (44,67,82)
(65,40) (32,58,78)
(8,41) (40,72,89)
(11,41) (42,73,88)
(24,41) (52,67,87)
(25,41) (56,69,90)
(39,41) (50,74,87)
(44,41) (40,68,81)
(45,41) (40,65,79)
(46,41) (46,70,84)
(64,41) (32,58,78)
(65,41) (37,57,77)
(8,42) (37,67,85)
(9,42) (40,66,84)
(25,42) (43,57,77)
(26,42) (54,67,87)
(63,42) (33,59,78)
(64,42) (37,56,77)
(65,42) (42,57,77)
(9,43) (49,72,93)
(10,43) (49,67,89)
(11,43) (50,67,90)
(25,43) (40,56,75)
(26,43) (53,67,87)
(47,43) (48,75,91)
(48,43) (48,72,89)
(62,43) (31,59,78)
(63,43) (36,56,76)
(64,43) (42,58,78)
(65,43) (43,57,77)
(11,44) (52,69,94)
(12,44) (49,64,89)
(13,44) (53,67,93)
(47,44) (43,72,89)
(48,44) (46,71,88)
(61,44) (31,63,80)
(62,44) (34,57,76)
(63,44) (39,56,76)
(64,44) (42,57,77)
(65,44) (43,57,77)
(12,45) (43,61,87)
(13,45) (38,53,80)
(14,45) (47,59,86)
(24,45) (47,64,83)
(47,45) (46,76,93)
(48,45) (45,72,90)
(60,45) (26,63,81)
(61,45) (32,58,77)
(62,45) (37,58,76)
(63,45) (41,57,77)
(64,45) (42,57,77)
(65,45) (42,57,76)
(14,46) (44,58,85)
(15,46) (48,60,87)
(25,46) (40,57,76)
(46,46) (31,65,81)
(47,46) (40,71,88)
(48,46) (46,76,93)
(59,46) (27,67,84)
(60,46) (32,62,82)
(61,46) (36,58,78)
(62,46) (38,57,76)
(63,46) (41,57,76)
(64,46) (42,57,77)
(65,46) (42,57,76)
(11,47) (37,69,90)
(15,47) (49,66,91)
(16,47) (51,66,90)
(23,47) (53,69,88)
(25,47) (54,70,90)
(59,47) (32,64,83)
(60,47) (36,61,81)
(61,47) (39,59,79)
(62,47) (40,58,77)
(63,47) (41,57,77)
(64,47) (43,58,78)
(65,47) (43,58,78)
(17,48) (48,67,90)
(18,48) (52,70,92)
(23,48) (41,57,77)
(24,48) (37,54,74)
(44,48) (36,69,88)
(57,48) (26,69,83)
(58,48) (31,64,82)
(59,48) (36,61,81)
(60,48) (40,60,80)
(61,48) (40,58,78)
(62,48) (41,57,77)
(63,48) (42,57,77)
(64,48) (43,58,78)
(65,48) (44,58,77)
(0,49) (36,60,83)
(1,49) (39,65,86)
(2,49) (38,68,88)
(3,49) (33,70,88)
(18,49) (45,67,89)
(19,49) (46,64,86)
(20,49) (54,69,90)
(23,49) (43,58,79)
(24,49) (47,62,84)
(41,49) (39,67,88)
(42,49) (40,70,90)
(43,49) (39,69,88)
(44,49) (36,68,86)
(57,49) (32,64,81)
(59,49) (37,57,77)
(60,49) (40,58,77)
(61,49) (41,57,77)
(62,49) (42,57,77)
(63,49) (43,58,77)
(64,49) (45,59,78)
(65,49) (46,59,77)
(0,50) (41,55,79)
(1,50) (44,59,83)
(2,50) (46,63,86)
(3,50) (45,65,87)
(4,50) (39,68,87)
(5,50) (26,68,83)
(19,50) (49,70,92)
(20,50) (47,65,88)
(21,50) (48,63,86)
(22,50) (49,63,86)
(23,50) (48,62,85)
(37,50) (47,69,92)
(38,50) (40,64,87)
(39,50) (37,63,86)
(40,50) (36,64,87)
(41,50) (35,64,85)
(55,50) (30,65,80)
(56,50) (34,63,81)
(57,50) (35,58,77)
(58,50) (38,58,78)
(59,50) (39,56,76)
(60,50) (40,58,76)
(61,50) (40,56,75)
(62,50) (42,57,76)
(63,50) (44,58,77)
(64,50) (46,59,77)
(65,50) (47,59,77)
(0,51) (46,60,83)
(1,51) (48,60,84)
(2,51) (49,61,85)
(3,51) (50,63,87)
(4,51) (46,63,85)
(5,51) (42,68,87)
(21,51) (47,65,89)
(22,51) (50,66,90)
(27,51) (52,68,92)
(28,51) (53,69,92)
(29,51) (50,67,91)
(30,51) (46,63,88)
(31,51) (42,61,86)
(32,51) (39,60,84)
(33,51) (41,63,86)
(34,51) (42,65,88)
(35,51) (48,72,95)
(54,51) (31,65,80)
(55,51) (37,64,82)
(56,51) (39,61,80)
(57,51) (40,59,79)
(58,51) (42,60,80)
(59,51) (42,59,77)
(60,51) (42,59,76)
(61,51) (41,58,75)
(62,51) (43,58,76)
(63,51) (44,58,76)
(64,51) (46,58,77)
(65,51) (47,59,77)
(0,52) (42,56,78)
(1,52) (45,57,79)
(2,52) (48,59,82)
(3,52) (51,61,84)
(4,52) (51,61,84)
(5,52) (46,62,83)
(6,52) (43,67,85)
(7,52) (40,69,87)
(8,52) (33,68,85)
(18,52) (22,67,84)
(26,52) (49,69,93)
(27,52) (39,60,83)
(28,52) (38,59,82)
(29,52) (37,59,83)
(30,52) (41,64,89)
(54,52) (36,62,81)
(55,52) (41,61,82)
(56,52) (42,59,80)
(57,52) (43,58,79)
(58,52) (41,58,77)
(59,52) (41,57,76)
(60,52) (41,58,75)
(61,52) (41,58,75)
(62,52) (43,58,76)
(63,52) (44,58,76)
(64,52) (44,58,76)
(65,52) (45,58,76)
(0,53) (40,54,75)
(1,53) (43,56,77)
(2,53) (46,58,79)
(3,53) (49,60,82)
(4,53) (51,61,83)
(5,53) (48,61,82)
(6,53) (45,62,82)
(7,53) (44,63,82)
(8,53) (42,65,83)
(9,53) (37,66,84)
(53,53) (32,62,81)
(54,53) (38,60,82)
(55,53) (42,58,81)
(56,53) (43,58,81)
(57,53) (42,57,78)
(58,53) (42,57,77)
(59,53) (42,57,77)
(60,53) (42,57,77)
(61,53) (42,57,76)
(62,53) (42,57,75)
(63,53) (42,57,75)
(64,53) (42,57,75)
(65,53) (42,57,75)
(1,54) (41,55,75)
(2,54) (43,56,77)
(3,54) (46,58,79)
(4,54) (47,60,80)
(5,54) (47,61,81)
(6,54) (47,62,81)
(7,54) (46,61,80)
(8,54) (45,61,80)
(9,54) (45,62,83)
(10,54) (41,65,86)
(11,54) (28,65,83)
(52,54) (29,63,81)
(53,54) (35,60,81)
(54,54) (39,57,81)
(55,54) (42,57,81)
(56,54) (42,56,79)
(57,54) (42,56,78)
(58,54) (42,57,77)
(59,54) (41,56,76)
(60,54) (41,56,76)
(61,54) (41,56,75)
(62,54) (41,56,74)
(63,54) (41,56,74)
(64,54) (41,56,74)
(65,54) (41,56,74)
(1,55) (40,54,74)
(2,55) (42,55,75)
(3,55) (43,56,77)
(4,55) (44,58,78)
(5,55) (45,60,80)
(6,55) (46,62,82)
(7,55) (45,61,80)
(8,55) (45,61,80)
(9,55) (45,61,82)
(10,55) (41,60,82)
(11,55) (41,68,88)
(51,55) (32,68,86)
(52,55) (34,62,82)
(53,55) (39,60,82)
(54,55) (40,58,80)
(55,55) (41,57,79)
(56,55) (42,56,79)
(57,55) (42,57,78)
(58,55) (41,56,76)
(59,55) (41,56,76)
(60,55) (41,56,76)
(61,55) (41,56,75)
(62,55) (41,56,74)
(63,55) (41,56,74)
(64,55) (41,56,74)
(65,55) (40,56,74)
(1,56) (39,53,73)
(2,56) (41,54,74)
(3,56) (42,55,76)
(4,56) (41,56,76)
(5,56) (42,58,78)
(6,56) (43,60,79)
(7,56) (43,60,79)
(8,56) (44,61,81)
(9,56) (43,60,80)
(10,56) (44,61,82)
(11,56) (43,62,83)
(12,56) (38,61,82)
(13,56) (37,66,85)
(49,56) (32,69,87)
(50,56) (35,70,88)
(51,56) (35,64,83)
(52,56) (38,61,83)
(53,56) (39,58,80)
(54,56) (40,57,79)
(55,56) (42,57,79)
(56,56) (41,56,78)
(57,56) (41,55,77)
(58,56) (41,56,76)
(59,56) (41,56,76)
(60,56) (41,56,76)
(61,56) (41,56,75)
(62,56) (41,56,74)
(63,56) (41,56,74)
(64,56) (41,56,74)
(65,56) (40,57,74)
(0,57) (40,55,75)
(1,57) (39,53,73)
(2,57) (40,53,73)
(3,57) (41,54,74)
(4,57) (41,56,76)
(5,57) (41,57,77)
(6,57) (40,58,77)
(7,57) (41,59,78)
(8,57) (43,60,79)
(9,57) (43,60,79)
(10,57) (43,60,80)
(11,57) (43,60,80)
(12,57) (42,59,79)
(13,57) (41,60,81)
(14,57) (39,64,84)
(15,57) (30,68,85)
(45,57) (25,67,83)
(46,57) (31,70,87)
(47,57) (34,71,89)
(48,57) (35,69,88)
(49,57) (35,66,85)
(50,57) (35,62,81)
(51,57) (36,59,79)
(52,57) (38,58,80)
(53,57) (39,56,78)
(54,57) (41,56,79)
(55,57) (42,57,79)
(56,57) (41,56,76)
(57,57) (41,55,76)
(58,57) (43,56,77)
(59,57) (43,57,77)
(60,57) (41,56,76)
(61,57) (41,56,75)
(62,57) (41,56,74)
(63,57) (41,56,74)
(64,57) (41,56,74)
(65,57) (40,57,74)
(0,58) (42,57,77)
(1,58) (41,54,75)
(2,58) (40,53,74)
(3,58) (40,53,74)
(4,58) (40,54,75)
(5,58) (40,56,76)
(6,58) (40,58,77)
(7,58) (39,57,76)
(8,58) (41,59,78)
(9,58) (42,59,78)
(10,58) (43,60,79)
(11,58) (44,61,80)
(12,58) (45,61,80)
(13,58) (45,61,80)
(14,58) (45,62,82)
(15,58) (42,69,88)
(38,58) (25,67,84)
(39,58) (31,70,88)
(40,58) (33,71,89)
(41,58) (37,71,91)
(42,58) (36,68,89)
(43,58) (36,68,88)
(44,58) (34,66,85)
(45,58) (33,64,83)
(46,58) (34,63,83)
(47,58) (36,64,84)
(48,58) (35,63,83)
(49,58) (37,62,82)
(50,58) (39,61,80)
(51,58) (39,58,78)
(52,58) (39,58,78)
(53,58) (41,57,78)
(54,58) (42,57,79)
(55,58) (42,57,78)
(56,58) (41,56,76)
(57,58) (42,55,75)
(58,58) (44,56,77)
(59,58) (43,56,77)
(60,58) (42,57,77)
(61,58) (42,57,76)
(62,58) (41,56,74)
(63,58) (41,56,73)
(64,58) (41,56,74)
(65,58) (40,56,74)
(19,0) (70,110,117)
(20,0) (100,143,149)
(38,0) (76,150,158)
(39,0) (56,127,135)
(42,0) (67,139,147)
(15,1) (57,115,124)
(32,1) (64,137,145)
(33,1) (49,118,128)
(14,2) (45,115,125)
(26,2) (76,151,157)
(27,2) (53,126,132)
(45,2) (71,142,153)
(50,2) (79,137,148)
(19,3) (89,161,159)
(20,3) (80,140,142)
(21,3) (75,131,135)
(17,4) (69,151,153)
(48,4) (54,117,127)
(53,4) (94,147,158)
(23,6) (102,127,143)
(10,7) (79,145,149)
(18,7) (66,133,141)
(9,8) (52,114,120)
(14,8) (41,112,123)
(21,8) (71,126,131)
(54,8) (86,140,152)
(13,9) (45,114,122)
(17,9) (53,117,127)
(25,9) (111,145,159)
(61,9) (74,123,135)
(12,10) (51,117,124)
(20,10) (70,137,137)
(57,10) (83,146,155)
(11,11) (56,122,130)
(10,12) (67,133,143)
(18,12) (84,140,148)
(24,12) (97,138,149)
(64,12) (68,106,116)
(5,13) (88,152,160)
(9,13) (62,132,139)
(20,13) (68,117,125)
(21,13) (81,129,137)
(22,13) (67,111,121)
(60,13) (85,157,164)
(64,13) (90,132,141)
(4,14) (72,133,140)
(8,14) (64,134,140)
(49,14) (85,116,128)
(53,14) (94,130,144)
(54,14) (70,102,118)
(60,14) (77,150,158)
(64,14) (93,138,147)
(3,15) (59,121,125)
(7,15) (82,152,159)
(60,15) (56,130,139)
(41,16) (83,98,116)
(49,16) (87,128,137)
(60,16) (49,122,131)
(60,17) (42,114,124)
(49,18) (90,127,137)
(50,18) (76,119,127)
(51,18) (83,127,135)
(45,19) (85,105,121)
(46,19) (85,104,120)
(32,20) (72,126,133)
(46,20) (86,107,123)
(2,21) (43,117,119)
(31,21) (59,110,120)
(61,21) (76,152,161)
(65,21) (54,116,127)
(37,22) (81,139,148)
(61,22) (66,138,147)
(65,22) (61,126,136)
(30,23) (72,126,136)
(34,23) (66,149,151)
(61,23) (48,117,126)
(65,23) (78,147,156)
(2,24) (46,116,122)
(24,24) (62,108,121)
(25,24) (93,147,157)
(34,24) (52,140,140)
(2,25) (53,124,132)
(23,25) (68,113,128)
(39,25) (79,124,135)
(2,26) (62,136,144)
(2,27) (72,150,158)
(17,27) (84,94,121)
(23,27) (90,144,159)
(27,27) (52,130,126)
(28,27) (63,125,123)
(32,27) (70,139,141)
(33,27) (62,131,134)
(34,27) (64,131,134)
(35,27) (64,131,133)
(36,27) (89,156,157)
(18,28) (86,95,121)
(30,28) (77,123,125)
(37,28) (62,113,118)
(39,28) (99,138,148)
(18,29) (86,96,122)
(24,29) (79,154,163)
(28,29) (90,154,151)
(62,29) (75,158,163)
(18,30) (84,97,122)
(47,30) (82,103,118)
(62,30) (65,145,151)
(18,31) (82,97,122)
(25,31) (51,120,131)
(62,31) (56,135,142)
(26,32) (83,148,162)
(30,32) (91,114,130)
(62,32) (54,132,139)
(3,34) (48,113,123)
(18,34) (77,100,119)
(62,34) (60,138,148)
(3,35) (61,127,138)
(19,35) (78,102,121)
(20,35) (78,100,120)
(61,35) (46,116,126)
(3,36) (68,135,146)
(12,36) (74,107,124)
(15,36) (83,109,130)
(20,36) (86,108,128)
(21,36) (81,103,123)
(3,37) (77,145,156)
(15,37) (104,131,152)
(21,37) (81,103,123)
(22,37) (84,106,126)
(23,37) (81,101,122)
(64,37) (59,131,142)
(3,38) (85,152,163)
(5,38) (68,102,119)
(9,38) (91,128,141)
(14,38) (89,122,141)
(22,38) (82,103,123)
(23,38) (84,103,124)
(63,38) (71,140,152)
(12,39) (99,143,156)
(58,39) (88,148,157)
(9,40) (71,106,120)
(10,40) (80,119,131)
(57,40) (74,133,142)
(40,41) (92,119,132)
(56,41) (59,116,124)
(5,42) (63,103,120)
(44,42) (107,141,153)
(7,43) (68,101,119)
(46,43) (96,127,143)
(0,44) (61,125,135)
(8,44) (77,106,126)
(46,44) (77,111,127)
(58,44) (66,138,146)
(6,45) (90,143,154)
(9,45) (74,103,123)
(10,45) (75,99,123)
(39,45) (75,114,133)
(44,45) (91,139,152)
(57,45) (80,156,163)
(11,46) (76,102,125)
(12,46) (76,98,123)
(52,46) (86,143,151)
(3,47) (77,146,155)
(9,47) (83,135,149)
(12,47) (84,110,133)
(13,47) (84,105,130)
(30,47) (84,99,119)
(39,47) (73,104,125)
(40,47) (65,101,121)
(43,47) (80,121,139)
(44,47) (103,142,159)
(51,47) (88,141,150)
(4,48) (47,110,121)
(14,48) (76,103,126)
(41,48) (72,103,124)
(50,48) (82,133,143)
(6,49) (66,139,145)
(12,49) (92,140,156)
(15,49) (76,108,129)
(49,49) (72,124,135)
(7,50) (45,112,120)
(16,50) (65,103,122)
(17,50) (85,117,138)
(46,50) (63,105,121)
(48,50) (66,118,131)
(53,50) (73,125,136)
(9,51) (77,141,150)
(18,51) (73,106,126)
(39,51) (74,106,129)
(40,51) (73,106,128)
(41,51) (72,105,126)
(42,51) (77,112,132)
(43,51) (70,107,126)
(20,52) (76,106,129)
(34,52) (69,102,124)
(35,52) (77,111,133)
(36,52) (74,109,130)
(37,52) (74,111,132)
(38,52) (70,109,131)
(46,52) (66,122,135)
(12,53) (67,137,146)
(18,53) (52,109,124)
(21,53) (75,107,129)
(29,53) (68,99,121)
(30,53) (74,106,129)
(31,53) (79,114,136)
(32,53) (75,113,134)
(33,53) (65,106,126)
(40,53) (62,115,131)
(41,53) (89,143,159)
(23,54) (70,107,126)
(24,54) (74,112,130)
(25,54) (70,108,126)
(26,54) (65,104,123)
(34,54) (54,109,125)
(35,54) (72,130,145)
(15,55) (80,148,158)
(29,55) (63,122,137)
(30,55) (86,146,160)
(47,55) (96,151,165)
(48,55) (58,110,125)
(22,56) (81,150,161)
(23,56) (69,137,148)
(41,56) (92,149,164)
(42,56) (70,126,141)
(18,57) (85,156,166)
(36,57) (68,127,142)
(19,58) (48,110,123)
(29,58) (77,141,153)
(30,58) (51,114,126)
(40,0) (28,96,105)
(41,0) (16,85,94)
(34,1) (37,102,113)
(35,1) (18,80,92)
(39,1) (18,69,83)
(40,1) (27,76,90)
(41,1) (17,69,83)
(43,1) (22,89,100)
(13,2) (20,72,88)
(28,2) (28,99,106)
(29,2) (7,75,83)
(35,2) (29,71,88)
(36,2) (37,75,94)
(37,2) (42,76,96)
(42,2) (35,77,94)
(13,3) (39,101,115)
(23,3) (34,90,98)
(24,3) (24,80,90)
(25,3) (19,75,85)
(29,3) (25,71,84)
(30,3) (30,73,87)
(43,3) (37,78,96)
(44,3) (18,69,85)
(46,3) (22,89,99)
(52,3) (33,84,97)
(12,4) (29,84,97)
(18,4) (13,91,91)
(19,4) (18,85,87)
(20,4) (32,88,93)
(21,4) (39,85,94)
(22,4) (37,76,87)
(23,4) (40,77,90)
(24,4) (41,78,92)
(25,4) (42,78,92)
(26,4) (41,76,91)
(44,4) (37,74,92)
(45,4) (31,76,92)
(46,4) (19,70,84)
(47,4) (15,73,85)
(11,5) (24,81,90)
(17,5) (15,90,97)
(18,5) (11,82,87)
(19,5) (19,82,88)
(20,5) (25,79,88)
(21,5) (35,76,88)
(46,5) (38,75,93)
(47,5) (31,73,90)
(49,5) (44,100,111)
(10,6) (23,82,87)
(16,6) (34,105,119)
(17,6) (22,90,101)
(18,6) (15,81,90)
(19,6) (44,105,114)
(50,6) (28,83,94)
(9,7) (23,75,83)
(15,7) (31,104,117)
(16,7) (26,94,109)
(17,7) (22,89,101)
(52,7) (45,100,111)
(58,7) (45,95,103)
(15,8) (24,91,105)
(16,8) (24,88,102)
(17,8) (40,105,116)
(50,8) (44,79,94)
(51,8) (34,75,89)
(53,8) (27,77,90)
(60,8) (32,80,91)
(8,9) (46,108,113)
(14,9) (34,97,109)
(15,9) (23,84,97)
(16,9) (20,81,94)
(20,9) (28,94,95)
(51,9) (44,78,93)
(52,9) (42,79,94)
(53,9) (34,76,91)
(54,9) (27,73,88)
(55,9) (42,97,108)
(7,10) (28,89,97)
(13,10) (31,90,100)
(14,10) (39,90,104)
(15,10) (29,80,95)
(16,10) (27,80,93)
(17,10) (41,101,110)
(22,10) (47,105,107)
(55,10) (34,80,94)
(56,10) (26,81,92)
(6,11) (28,89,98)
(12,11) (25,81,92)
(13,11) (38,86,99)
(14,11) (37,78,95)
(15,11) (34,75,91)
(16,11) (31,76,91)
(17,11) (31,85,96)
(54,11) (44,76,93)
(56,11) (35,80,94)
(57,11) (18,74,85)
(58,11) (39,104,112)
(5,12) (21,77,87)
(11,12) (28,84,96)
(12,12) (37,82,96)
(13,12) (39,76,92)
(17,12) (28,74,87)
(55,12) (45,77,95)
(56,12) (34,72,89)
(57,12) (37,84,98)
(58,12) (23,80,91)
(59,12) (38,104,112)
(4,13) (24,72,84)
(10,13) (30,88,99)
(11,13) (40,87,101)
(12,13) (41,77,93)
(19,13) (42,91,101)
(23,13) (35,75,87)
(57,13) (34,75,91)
(58,13) (37,88,100)
(59,13) (36,99,108)
(3,14) (22,72,80)
(9,14) (21,81,90)
(10,14) (38,87,100)
(11,14) (40,77,93)
(58,14) (33,78,92)
(59,14) (32,92,103)
(8,15) (19,80,90)
(9,15) (37,89,100)
(10,15) (38,79,93)
(58,15) (32,75,90)
(59,15) (28,87,99)
(2,16) (46,108,113)
(7,16) (25,84,94)
(8,16) (31,81,93)
(9,16) (36,77,91)
(58,16) (30,71,87)
(59,16) (26,83,96)
(1,17) (42,102,107)
(6,17) (30,89,97)
(7,17) (31,80,91)
(8,17) (37,77,90)
(54,17) (46,82,97)
(59,17) (26,81,95)
(0,18) (40,103,107)
(5,18) (29,88,97)
(6,18) (26,74,85)
(59,18) (26,79,94)
(60,18) (30,99,110)
(65,18) (21,73,86)
(4,19) (31,90,100)
(5,19) (26,75,88)
(32,19) (36,78,88)
(33,19) (46,89,100)
(59,19) (29,79,95)
(60,19) (27,95,106)
(65,19) (27,83,95)
(3,20) (38,101,108)
(5,20) (36,74,90)
(30,20) (42,77,89)
(31,20) (30,75,84)
(36,20) (37,81,92)
(59,20) (30,76,93)
(60,20) (24,87,99)
(65,20) (43,102,114)
(4,21) (29,71,86)
(29,21) (46,80,93)
(30,21) (35,74,87)
(37,21) (31,79,90)
(59,21) (33,74,91)
(60,21) (24,80,94)
(2,22) (26,98,101)
(3,22) (17,72,82)
(4,22) (41,77,94)
(27,22) (45,79,94)
(28,22) (46,81,96)
(29,22) (40,79,93)
(30,22) (43,89,101)
(38,22) (22,70,82)
(60,22) (27,77,91)
(2,23) (42,112,117)
(3,23) (26,78,90)
(38,23) (45,98,108)
(60,23) (30,75,90)
(3,24) (22,73,86)
(23,24) (38,74,90)
(60,24) (32,74,87)
(61,24) (36,103,111)
(3,25) (23,74,87)
(60,25) (35,75,87)
(61,25) (30,95,101)
(3,26) (21,73,86)
(60,26) (38,77,88)
(61,26) (32,97,102)
(3,27) (19,73,86)
(60,27) (42,81,92)
(61,27) (33,98,103)
(3,28) (20,77,89)
(28,28) (22,84,81)
(29,28) (36,86,86)
(31,28) (45,93,98)
(32,28) (22,74,81)
(33,28) (25,77,84)
(60,28) (46,84,96)
(61,28) (32,95,102)
(3,29) (22,80,93)
(23,29) (27,75,91)
(34,29) (46,82,94)
(35,29) (45,82,94)
(36,29) (44,84,95)
(37,29) (39,78,89)
(61,29) (29,89,97)
(3,30) (24,84,96)
(4,30) (42,75,94)
(23,30) (29,71,89)
(24,30) (37,101,114)
(61,30) (29,86,96)
(3,31) (28,88,100)
(4,31) (43,77,95)
(23,31) (40,75,95)
(24,31) (26,76,94)
(61,31) (30,85,96)
(3,32) (35,96,108)
(4,32) (46,81,99)
(24,32) (42,78,100)
(25,32) (29,80,98)
(61,32) (35,90,102)
(3,33) (40,103,114)
(4,33) (45,81,99)
(25,33) (40,76,99)
(26,33) (44,91,112)
(61,33) (28,85,98)
(62,33) (29,105,115)
(4,34) (42,80,97)
(27,34) (39,73,96)
(60,34) (41,86,101)
(61,34) (24,87,99)
(4,35) (38,78,94)
(58,35) (45,77,93)
(59,35) (46,89,103)
(60,35) (33,87,100)
(4,36) (36,79,94)
(11,36) (45,79,94)
(59,36) (40,93,105)
(60,36) (44,108,118)
(65,36) (29,97,110)
(4,37) (39,83,98)
(10,37) (46,86,97)
(58,37) (43,90,103)
(59,37) (43,103,113)
(4,38) (41,85,100)
(58,38) (42,96,107)
(4,39) (43,87,102)
(13,39) (37,76,91)
(57,39) (42,92,103)
(4,40) (39,83,98)
(8,40) (45,77,94)
(11,40) (46,86,98)
(12,40) (36,75,89)
(13,40) (43,78,94)
(55,40) (45,82,96)
(56,40) (34,82,92)
(4,41) (44,88,103)
(7,41) (46,78,96)
(55,41) (32,78,88)
(61,41) (14,70,84)
(4,42) (40,87,102)
(54,42) (33,77,87)
(55,42) (41,98,105)
(60,42) (39,97,109)
(4,43) (35,86,100)
(5,43) (29,73,89)
(39,43) (46,79,93)
(53,43) (38,80,93)
(59,43) (39,105,113)
(5,44) (42,94,107)
(52,44) (37,78,92)
(53,44) (38,91,101)
(0,45) (34,91,104)
(51,45) (46,86,100)
(52,45) (41,90,101)
(1,46) (44,105,117)
(8,46) (28,75,89)
(51,46) (40,87,99)
(0,47) (21,70,86)
(2,47) (25,87,98)
(46,47) (44,77,93)
(47,47) (45,78,94)
(56,47) (17,83,92)
(57,47) (18,73,85)
(58,47) (27,70,86)
(0,48) (33,71,90)
(1,48) (30,72,89)
(2,48) (28,75,91)
(3,48) (21,75,89)
(11,48) (32,75,92)
(43,48) (44,77,96)
(45,48) (42,75,92)
(46,48) (45,79,95)
(55,48) (25,85,94)
(56,48) (17,70,81)
(4,49) (23,70,84)
(5,49) (25,84,95)
(14,49) (42,78,98)
(45,49) (43,77,94)
(54,49) (42,96,106)
(56,49) (31,72,86)
(6,50) (17,74,84)
(14,50) (32,83,98)
(6,51) (36,75,90)
(7,51) (29,77,90)
(8,51) (37,93,105)
(15,51) (41,98,111)
(17,51) (38,77,95)
(46,51) (37,85,100)
(47,51) (44,97,110)
(10,52) (36,94,104)
(17,52) (18,70,85)
(40,52) (44,86,106)
(41,52) (35,79,98)
(42,52) (28,72,90)
(43,52) (22,69,85)
(44,52) (32,81,96)
(11,53) (20,74,86)
(35,53) (38,84,102)
(36,53) (27,74,92)
(37,53) (25,74,91)
(38,53) (34,84,101)
(39,53) (46,98,115)
(51,53) (20,70,85)
(13,54) (38,102,114)
(20,54) (20,73,89)
(21,54) (33,78,97)
(29,54) (37,82,100)
(30,54) (31,78,96)
(31,54) (30,79,97)
(32,54) (31,83,100)
(33,54) (38,92,108)
(50,54) (22,73,88)
(12,55) (42,80,98)
(13,55) (30,77,93)
(14,55) (18,75,89)
(21,55) (32,91,105)
(23,55) (17,68,84)
(26,55) (20,75,88)
(27,55) (31,88,101)
(28,55) (44,103,116)
(16,56) (43,109,119)
(44,56) (30,85,98)
(45,56) (17,69,83)
(17,57) (15,79,91)
(38,57) (22,76,91)
(16,58) (35,73,91)
(17,58) (22,71,86)
(18,58) (14,70,84)
(31,58) (29,90,103)
(32,58) (19,76,90)
(0,0) (35,46,60)
(1,0) (34,46,61)
(2,0) (32,45,62)
(3,0) (32,45,62)
(4,0) (32,45,62)
(5,0) (32,45,62)
(6,0) (32,45,62)
(7,0) (32,45,60)
(8,0) (33,47,61)
(9,0) (33,46,61)
(10,0) (33,46,63)
(11,0) (31,45,64)
(12,0) (27,47,66)
(13,0) (21,48,66)
(14,0) (16,50,65)
(15,0) (20,57,70)
(48,0) (5,56,69)
(49,0) (0,35,50)
(50,0) (10,46,62)
(51,0) (16,46,63)
(52,0) (21,47,64)
(53,0) (25,46,64)
(54,0) (25,42,60)
(55,0) (25,40,58)
(56,0) (25,39,58)
(57,0) (26,39,57)
(58,0) (26,39,56)
(59,0) (26,40,55)
(60,0) (26,40,53)
(61,0) (27,41,54)
(62,0) (28,42,56)
(63,0) (29,42,56)
(64,0) (29,40,55)
(65,0) (29,40,54)
(0,1) (35,46,60)
(1,1) (34,46,61)
(2,1) (32,45,61)
(3,1) (32,45,62)
(4,1) (32,45,61)
(5,1) (32,45,61)
(6,1) (32,45,61)
(7,1) (33,46,62)
(8,1) (33,46,62)
(9,1) (35,47,64)
(10,1) (34,47,65)
(11,1) (30,47,67)
(12,1) (23,48,68)
(13,1) (18,57,74)
(14,1) (14,66,79)
(36,1) (3,62,75)
(37,1) (4,61,74)
(38,1) (12,67,81)
(42,1) (0,53,65)
(49,1) (10,67,78)
(50,1) (0,21,35)
(51,1) (0,37,52)
(52,1) (14,47,63)
(53,1) (19,45,63)
(54,1) (20,41,61)
(55,1) (21,39,59)
(56,1) (22,39,58)
(57,1) (24,40,57)
(58,1) (25,40,56)
(59,1) (26,40,54)
(60,1) (27,41,55)
(61,1) (27,41,55)
(62,1) (27,41,55)
(63,1) (29,42,56)
(64,1) (30,42,56)
(65,1) (30,40,54)
(0,2) (33,45,60)
(1,2) (33,45,60)
(2,2) (32,45,61)
(3,2) (32,45,61)
(4,2) (32,45,61)
(5,2) (32,45,61)
(6,2) (33,46,62)
(7,2) (33,46,62)
(8,2) (33,46,63)
(9,2) (33,46,63)
(10,2) (33,49,66)
(11,2) (28,51,70)
(12,2) (20,55,74)
(30,2) (0,59,68)
(31,2) (0,58,69)
(32,2) (6,61,73)
(33,2) (12,61,76)
(34,2) (19,66,81)
(43,2) (2,56,71)
(44,2) (3,67,80)
(51,2) (1,50,62)
(52,2) (0,35,49)
(53,2) (10,45,61)
(54,2) (17,46,64)
(55,2) (18,42,61)
(56,2) (20,42,61)
(57,2) (21,40,57)
(58,2) (23,40,55)
(59,2) (26,41,55)
(60,2) (27,41,55)
(61,2) (28,41,54)
(62,2) (28,42,56)
(63,2) (30,43,57)
(64,2) (31,43,57)
(65,2) (31,41,55)
(0,3) (32,45,61)
(1,3) (32,45,61)
(2,3) (32,45,61)
(3,3) (32,45,61)
(4,3) (32,45,61)
(5,3) (32,45,61)
(6,3) (32,45,61)
(7,3) (34,48,64)
(8,3) (34,49,66)
(9,3) (32,50,66)
(10,3) (29,53,67)
(11,3) (26,57,73)
(12,3) (16,59,76)
(26,3) (11,66,76)
(27,3) (5,57,69)
(28,3) (14,63,75)
(45,3) (0,60,73)
(53,3) (0,34,48)
(54,3) (7,45,60)
(55,3) (18,50,66)
(56,3) (18,46,64)
(57,3) (18,42,58)
(58,3) (23,43,57)
(59,3) (27,44,57)
(60,3) (24,39,53)
(61,3) (27,40,54)
(62,3) (31,44,58)
(63,3) (32,44,58)
(64,3) (31,43,57)
(65,3) (31,41,55)
(0,4) (32,45,62)
(1,4) (32,45,61)
(2,4) (32,45,61)
(3,4) (32,45,61)
(4,4) (32,45,61)
(5,4) (32,45,61)
(6,4) (34,46,63)
(7,4) (33,48,65)
(8,4) (32,50,68)
(9,4) (27,52,67)
(10,4) (22,57,68)
(11,4) (18,62,74)
(54,4) (3,52,63)
(55,4) (1,42,56)
(56,4) (12,48,64)
(57,4) (16,47,62)
(58,4) (20,47,59)
(59,4) (26,47,59)
(60,4) (28,46,58)
(61,4) (30,45,58)
(62,4) (30,44,57)
(63,4) (31,43,57)
(64,4) (31,43,57)
(65,4) (31,41,55)
(0,5) (32,45,61)
(1,5) (32,45,61)
(2,5) (33,46,62)
(3,5) (33,46,62)
(4,5) (33,46,62)
(5,5) (34,46,63)
(6,5) (35,47,65)
(7,5) (34,49,68)
(8,5) (29,51,68)
(9,5) (22,55,68)
(10,5) (15,62,70)
(48,5) (8,56,71)
(56,5) (0,39,51)
(57,5) (3,42,54)
(58,5) (18,52,63)
(59,5) (24,51,62)
(60,5) (25,48,58)
(61,5) (28,46,57)
(62,5) (29,44,57)
(63,5) (31,43,57)
(64,5) (32,42,57)
(65,5) (31,41,55)
(0,6) (32,45,61)
(1,6) (32,45,61)
(2,6) (33,46,62)
(3,6) (33,46,62)
(4,6) (33,46,62)
(5,6) (34,46,63)
(6,6) (33,46,64)
(7,6) (30,49,66)
(8,6) (24,53,69)
(9,6) (14,57,68)
(49,6) (19,65,78)
(57,6) (3,52,62)
(58,6) (0,35,44)
(59,6) (4,40,49)
(60,6) (11,42,51)
(61,6) (19,43,54)
(62,6) (28,46,59)
(63,6) (31,45,59)
(64,6) (31,43,58)
(65,6) (30,42,56)
(0,7) (32,45,61)
(1,7) (32,45,61)
(2,7) (34,48,64)
(3,7) (34,46,62)
(4,7) (35,47,63)
(5,7) (35,47,64)
(6,7) (31,47,64)
(7,7) (28,52,67)
(8,7) (20,57,70)
(51,7) (11,62,73)
(59,7) (0,27,36)
(60,7) (0,38,48)
(61,7) (16,47,59)
(62,7) (24,48,61)
(63,7) (27,46,60)
(64,7) (28,43,57)
(65,7) (29,42,56)
(0,8) (33,46,62)
(1,8) (33,46,62)
(2,8) (33,46,62)
(3,8) (35,47,63)
(4,8) (35,49,65)
(5,8) (32,48,65)
(6,8) (27,50,66)
(7,8) (21,55,68)
(8,8) (20,69,78)
(37,8) (39,52,71)
(52,8) (20,64,78)
(61,8) (0,31,43)
(62,8) (8,41,55)
(63,8) (20,45,59)
(64,8) (24,42,58)
(65,8) (30,43,59)
(0,9) (34,48,64)
(1,9) (35,47,63)
(2,9) (33,46,62)
(3,9) (34,48,63)
(4,9) (33,50,66)
(5,9) (30,53,69)
(6,9) (27,60,75)
(7,9) (21,67,78)
(21,9) (0,59,61)
(36,9) (37,52,70)
(37,9) (31,46,64)
(62,9) (7,48,61)
(63,9) (11,42,56)
(64,9) (21,43,59)
(65,9) (28,43,59)
(0,10) (35,47,64)
(1,10) (35,47,64)
(2,10) (34,46,63)
(3,10) (33,48,65)
(4,10) (29,51,67)
(5,10) (24,57,72)
(6,10) (17,65,77)
(21,10) (6,69,70)
(37,10) (38,53,70)
(63,10) (8,46,60)
(64,10) (16,43,58)
(65,10) (27,45,60)
(0,11) (35,47,64)
(1,11) (35,47,64)
(2,11) (36,48,66)
(3,11) (33,50,69)
(4,11) (28,56,73)
(5,11) (16,59,73)
(64,11) (18,50,63)
(65,11) (25,46,59)
(0,12) (35,49,65)
(1,12) (36,50,67)
(2,12) (34,51,68)
(3,12) (32,57,73)
(4,12) (22,60,75)
(26,12) (32,57,74)
(27,12) (35,54,73)
(28,12) (36,51,71)
(29,12) (36,49,70)
(30,12) (35,49,70)
(31,12) (36,52,72)
(65,12) (18,42,54)
(0,13) (35,51,66)
(1,13) (33,52,66)
(2,13) (30,55,69)
(3,13) (28,63,77)
(18,13) (17,62,74)
(24,13) (23,58,72)
(25,13) (31,60,76)
(27,13) (36,54,74)
(28,13) (36,51,72)
(29,13) (36,49,70)
(30,13) (34,48,68)
(31,13) (38,53,73)
(51,13) (30,61,74)
(52,13) (17,48,62)
(53,13) (19,50,65)
(54,13) (24,54,70)
(65,13) (22,48,59)
(0,14) (35,52,67)
(1,14) (29,55,68)
(2,14) (24,61,71)
(19,14) (25,63,77)
(20,14) (14,52,66)
(21,14) (15,53,66)
(22,14) (20,55,69)
(65,14) (24,51,63)
(0,15) (33,51,67)
(1,15) (22,54,66)
(2,15) (20,69,77)
(65,15) (26,54,68)
(0,16) (23,53,67)
(1,16) (8,53,63)
(21,16) (27,48,67)
(65,16) (26,60,75)
(0,17) (14,61,70)
(20,17) (23,39,59)
(21,17) (25,42,61)
(65,17) (20,65,78)
(18,18) (38,53,73)
(19,18) (24,39,58)
(20,18) (26,39,59)
(18,19) (29,44,64)
(19,19) (17,31,51)
(4,20) (18,67,80)
(17,20) (33,47,69)
(18,20) (23,38,58)
(3,21) (0,59,68)
(9,21) (38,53,70)
(10,21) (38,50,69)
(11,21) (39,53,72)
(17,21) (29,44,66)
(18,21) (36,50,72)
(13,22) (37,52,73)
(14,22) (35,49,72)
(15,22) (35,49,72)
(16,22) (35,50,72)
(40,25) (27,61,75)
(15,26) (34,47,69)
(15,27) (32,45,68)
(15,28) (32,45,68)
(34,28) (19,69,77)
(35,28) (17,68,74)
(36,28) (18,70,75)
(15,29) (34,48,71)
(29,29) (18,67,69)
(15,30) (37,52,74)
(16,30) (36,51,75)
(16,31) (34,50,74)
(16,32) (32,50,73)
(16,33) (30,50,73)
(16,34) (26,49,71)
(16,35) (27,51,72)
(9,37) (27,60,74)
(65,37) (0,57,72)
(29,38) (37,50,72)
(33,38) (39,50,69)
(34,38) (39,51,70)
(64,38) (2,60,74)
(65,38) (21,66,83)
(63,39) (0,58,72)
(64,39) (18,64,80)
(62,40) (7,62,77)
(63,40) (17,61,78)
(64,40) (27,61,79)
(9,41) (30,61,76)
(10,41) (28,59,73)
(62,41) (9,55,70)
(63,41) (27,61,79)
(61,42) (11,56,72)
(62,42) (25,60,77)
(60,43) (5,57,70)
(61,43) (24,63,79)
(6,44) (13,56,71)
(25,44) (36,53,72)
(59,44) (0,56,68)
(60,44) (21,66,80)
(7,45) (22,65,80)
(25,45) (36,53,72)
(58,45) (0,57,68)
(59,45) (15,64,79)
(0,46) (13,65,80)
(9,46) (19,58,76)
(24,46) (37,54,73)
(57,46) (2,67,77)
(58,46) (14,67,81)
(1,47) (5,60,74)
(10,47) (3,43,62)
(24,47) (33,51,70)
(12,48) (26,61,81)
(13,49) (12,54,72)
(55,49) (19,66,77)
(58,49) (30,56,75)
(15,50) (18,62,79)
(54,50) (9,51,64)
(16,51) (0,48,64)
(53,51) (22,65,79)
(9,52) (18,64,77)
(52,52) (17,64,78)
(53,52) (26,62,78)
(10,53) (24,62,79)
(19,53) (12,59,77)
(52,53) (21,62,78)
(0,54) (38,53,73)
(12,54) (9,63,76)
(51,54) (17,59,76)
(0,55) (38,53,73)
(22,55) (0,54,70)
(24,55) (15,68,82)
(25,55) (13,67,81)
(49,55) (14,62,77)
(50,55) (21,64,80)
(0,56) (38,53,73)
(14,56) (23,61,79)
(15,56) (16,68,83)
(46,56) (6,55,70)
(47,56) (4,49,66)
(48,56) (12,53,71)
(16,57) (12,65,80)
(39,57) (8,59,75)
(40,57) (7,56,72)
(41,57) (6,53,70)
(42,57) (10,54,72)
(43,57) (16,61,77)
(44,57) (20,65,80)
(33,58) (12,66,82)
(34,58) (8,61,76)
(35,58) (6,56,72)
(36,58) (10,56,74)
(37,58) (16,60,78)
(17,0) (47,84,94)
(18,0) (50,88,96)
(38,2) (47,79,100)
(39,2) (53,83,103)
(40,2) (62,91,110)
(41,2) (55,90,108)
(22,3) (53,108,115)
(40,3) (53,71,93)
(41,3) (50,74,95)
(42,3) (46,77,97)
(55,5) (52,103,114)
(24,6) (59,84,100)
(25,8) (59,89,104)
(22,9) (53,105,111)
(54,10) (52,89,106)
(25,11) (56,91,105)
(38,11) (59,74,92)
(46,11) (56,71,89)
(47,11) (55,72,89)
(50,11) (50,75,92)
(55,11) (48,86,102)
(36,12) (56,72,90)
(37,12) (64,79,97)
(38,12) (63,78,96)
(41,12) (57,72,90)
(42,12) (56,71,89)
(44,12) (56,71,89)
(45,12) (57,72,90)
(46,12) (58,73,91)
(47,12) (58,75,92)
(48,12) (55,75,90)
(49,12) (54,77,93)
(52,12) (51,77,93)
(33,13) (55,72,91)
(34,13) (60,77,96)
(35,13) (64,81,99)
(36,13) (69,84,102)
(37,13) (72,87,104)
(38,13) (66,81,99)
(42,13) (56,72,89)
(43,13) (58,74,91)
(44,13) (57,73,90)
(45,13) (58,74,91)
(46,13) (59,74,91)
(47,13) (56,73,90)
(50,13) (50,80,93)
(30,14) (57,72,92)
(31,14) (59,74,94)
(32,14) (60,77,96)
(33,14) (64,80,100)
(34,14) (65,82,101)
(35,14) (69,85,104)
(36,14) (72,87,105)
(37,14) (76,91,109)
(38,14) (76,92,109)
(39,14) (73,89,106)
(40,14) (62,77,95)
(43,14) (56,71,89)
(44,14) (59,75,92)
(45,14) (59,74,92)
(46,14) (58,72,90)
(52,14) (59,97,109)
(19,15) (47,76,94)
(28,15) (56,73,91)
(29,15) (57,72,91)
(30,15) (57,73,93)
(31,15) (58,74,94)
(32,15) (56,72,92)
(33,15) (60,76,96)
(34,15) (62,78,98)
(35,15) (64,80,99)
(36,15) (66,82,99)
(37,15) (67,84,101)
(38,15) (74,91,108)
(39,15) (80,95,113)
(40,15) (77,92,110)
(41,15) (72,87,104)
(42,15) (58,73,91)
(45,15) (56,71,89)
(46,15) (57,71,89)
(47,15) (55,74,90)
(49,15) (63,100,110)
(55,15) (48,78,96)
(24,16) (53,76,90)
(25,16) (54,76,91)
(26,16) (55,75,91)
(27,16) (56,75,91)
(28,16) (56,75,91)
(29,16) (55,74,91)
(30,16) (54,72,90)
(33,16) (54,72,91)
(34,16) (54,72,91)
(35,16) (55,73,91)
(36,16) (56,74,91)
(37,16) (56,74,90)
(38,16) (60,78,95)
(39,16) (68,85,102)
(40,16) (76,92,109)
(42,16) (80,95,113)
(43,16) (68,84,101)
(47,16) (53,74,90)
(54,16) (53,89,104)
(55,16) (49,79,97)
(22,17) (54,73,90)
(23,17) (58,78,93)
(24,17) (59,78,93)
(25,17) (59,78,92)
(26,17) (58,78,92)
(27,17) (56,77,90)
(28,17) (56,77,91)
(39,17) (56,75,91)
(40,17) (64,83,99)
(41,17) (73,90,107)
(42,17) (79,96,113)
(43,17) (82,98,116)
(44,17) (69,86,103)
(48,17) (53,84,96)
(55,17) (52,82,100)
(21,18) (60,74,93)
(22,18) (72,88,105)
(23,18) (65,81,97)
(24,18) (63,79,94)
(25,18) (61,79,92)
(26,18) (58,78,91)
(27,18) (55,77,90)
(28,18) (54,78,90)
(41,18) (54,74,90)
(42,18) (65,84,101)
(43,18) (75,93,109)
(44,18) (79,97,114)
(45,18) (73,90,107)
(46,18) (56,74,91)
(48,18) (51,81,94)
(54,18) (52,86,102)
(55,18) (49,80,97)
(21,19) (78,91,110)
(22,19) (71,84,102)
(23,19) (67,81,97)
(24,19) (64,79,94)
(25,19) (59,77,91)
(26,19) (57,78,91)
(27,19) (54,78,90)
(28,19) (52,78,89)
(34,19) (48,88,99)
(43,19) (58,78,94)
(44,19) (73,92,108)
(47,19) (58,80,95)
(52,19) (57,89,104)
(53,19) (61,92,108)
(54,19) (54,85,102)
(55,19) (52,82,99)
(20,20) (76,88,110)
(21,20) (73,85,105)
(22,20) (69,80,100)
(23,20) (67,79,97)
(24,20) (63,77,94)
(25,20) (58,76,91)
(26,20) (54,76,90)
(27,20) (52,77,90)
(29,20) (48,79,90)
(44,20) (61,82,98)
(45,20) (78,99,115)
(47,20) (70,90,106)
(48,20) (61,81,97)
(49,20) (60,80,96)
(50,20) (58,80,95)
(51,20) (60,82,98)
(52,20) (55,77,94)
(53,20) (54,78,96)
(54,20) (55,82,100)
(55,20) (55,83,100)
(56,20) (50,78,96)
(19,21) (65,80,102)
(20,21) (78,91,114)
(21,21) (68,80,102)
(22,21) (66,77,97)
(23,21) (65,77,97)
(24,21) (62,77,96)
(25,21) (57,78,94)
(26,21) (52,77,92)
(27,21) (50,77,92)
(28,21) (50,78,92)
(42,21) (55,75,91)
(45,21) (65,86,101)
(46,21) (76,97,113)
(47,21) (75,93,110)
(48,21) (69,85,102)
(49,21) (64,78,96)
(50,21) (63,78,96)
(51,21) (63,78,96)
(52,21) (63,78,96)
(53,21) (61,79,97)
(54,21) (58,81,98)
(55,21) (58,83,101)
(56,21) (54,79,98)
(57,21) (48,74,94)
(5,22) (49,74,95)
(6,22) (54,71,93)
(7,22) (57,73,93)
(18,22) (64,78,101)
(19,22) (75,90,113)
(20,22) (73,88,110)
(21,22) (62,76,98)
(22,22) (60,74,95)
(23,22) (58,75,95)
(24,22) (55,77,95)
(25,22) (50,78,94)
(26,22) (47,79,94)
(42,22) (56,76,92)
(45,22) (60,81,96)
(46,22) (73,94,110)
(47,22) (75,93,110)
(48,22) (70,86,103)
(49,22) (66,79,98)
(50,22) (66,77,96)
(51,22) (65,77,95)
(52,22) (64,78,95)
(53,22) (62,79,96)
(54,22) (60,80,98)
(55,22) (60,82,100)
(56,22) (56,79,98)
(4,23) (48,80,99)
(5,23) (51,73,95)
(13,23) (57,72,93)
(14,23) (58,73,96)
(15,23) (55,69,93)
(16,23) (60,74,98)
(17,23) (69,84,108)
(18,23) (72,87,109)
(19,23) (70,86,108)
(20,23) (66,82,104)
(21,23) (56,73,95)
(42,23) (53,74,90)
(45,23) (60,81,97)
(46,23) (74,95,111)
(47,23) (75,94,110)
(48,23) (67,84,101)
(49,23) (64,78,96)
(50,23) (65,77,96)
(51,23) (65,77,96)
(52,23) (63,78,95)
(53,23) (61,79,97)
(54,23) (60,80,98)
(55,23) (60,81,100)
(56,23) (57,79,97)
(4,24) (48,78,97)
(13,24) (58,73,93)
(14,24) (60,74,96)
(15,24) (60,74,98)
(16,24) (71,84,110)
(17,24) (75,89,113)
(18,24) (75,89,112)
(19,24) (71,86,109)
(20,24) (64,81,103)
(21,24) (56,76,97)
(42,24) (53,74,90)
(45,24) (59,79,95)
(46,24) (77,97,113)
(47,24) (76,96,112)
(48,24) (65,83,100)
(49,24) (63,79,96)
(50,24) (64,78,96)
(51,24) (63,78,95)
(52,24) (61,79,96)
(53,24) (61,79,97)
(54,24) (60,79,98)
(55,24) (61,81,100)
(56,24) (57,79,96)
(16,25) (61,73,99)
(17,25) (78,90,116)
(18,25) (78,91,116)
(19,25) (71,85,108)
(20,25) (64,81,102)
(21,25) (56,79,100)
(22,25) (48,78,97)
(41,25) (50,75,91)
(42,25) (54,75,91)
(45,25) (57,78,93)
(46,25) (77,98,114)
(47,25) (78,97,113)
(48,25) (64,82,99)
(49,25) (61,77,95)
(50,25) (62,78,96)
(51,25) (62,78,95)
(52,25) (61,79,96)
(53,25) (61,79,97)
(54,25) (60,80,98)
(55,25) (60,80,99)
(56,25) (59,79,97)
(57,25) (56,74,93)
(17,26) (83,93,120)
(18,26) (81,92,118)
(19,26) (72,84,108)
(20,26) (65,81,103)
(21,26) (52,75,96)
(22,26) (51,84,103)
(40,26) (57,91,104)
(42,26) (55,76,92)
(46,26) (76,96,112)
(47,26) (78,97,113)
(48,26) (65,83,100)
(49,26) (60,78,95)
(50,26) (60,79,96)
(51,26) (59,78,94)
(52,26) (60,78,94)
(53,26) (59,78,95)
(54,26) (59,79,97)
(55,26) (59,79,97)
(56,26) (59,79,96)
(57,26) (56,73,92)
(4,27) (47,76,93)
(18,27) (83,93,119)
(19,27) (73,84,108)
(20,27) (64,78,101)
(21,27) (53,74,96)
(22,27) (47,78,99)
(40,27) (61,94,106)
(42,27) (54,75,91)
(43,27) (55,74,90)
(46,27) (71,91,107)
(47,27) (75,95,111)
(48,27) (64,84,100)
(49,27) (58,78,94)
(50,27) (58,78,94)
(51,27) (56,76,92)
(52,27) (57,77,93)
(53,27) (57,77,93)
(54,27) (56,76,93)
(55,27) (58,78,94)
(56,27) (58,78,95)
(57,27) (58,75,93)
(17,28) (82,93,119)
(19,28) (74,85,110)
(20,28) (66,79,102)
(21,28) (57,76,98)
(22,28) (47,73,96)
(23,28) (49,101,117)
(41,28) (53,76,91)
(42,28) (54,74,90)
(43,28) (54,74,90)
(46,28) (68,88,104)
(47,28) (75,95,111)
(48,28) (63,84,100)
(49,28) (59,79,95)
(50,28) (57,78,94)
(51,28) (58,78,94)
(52,28) (58,79,95)
(53,28) (58,78,94)
(54,28) (56,76,91)
(55,28) (55,76,91)
(56,28) (55,76,91)
(57,28) (58,75,91)
(17,29) (78,90,116)
(19,29) (73,84,109)
(20,29) (63,77,100)
(21,29) (57,74,96)
(22,29) (50,73,96)
(30,29) (50,89,95)
(31,29) (54,90,100)
(32,29) (53,89,101)
(33,29) (49,85,98)
(40,29) (54,79,93)
(41,29) (54,76,91)
(42,29) (53,74,89)
(43,29) (55,75,91)
(46,29) (70,91,106)
(47,29) (79,99,115)
(48,29) (72,92,108)
(54,29) (55,75,91)
(55,29) (55,76,92)
(56,29) (55,75,91)
(57,29) (56,73,89)
(60,29) (50,86,98)
(5,30) (53,75,94)
(17,30) (73,87,113)
(19,30) (73,86,110)
(20,30) (64,78,101)
(21,30) (57,73,96)
(22,30) (52,73,95)
(29,30) (58,105,110)
(31,30) (59,84,98)
(32,30) (57,80,98)
(33,30) (55,77,96)
(34,30) (56,78,96)
(35,30) (53,78,95)
(36,30) (51,78,95)
(37,30) (51,79,95)
(38,30) (52,78,95)
(39,30) (54,78,94)
(40,30) (55,76,92)
(46,30) (74,95,111)
(48,30) (78,98,114)
(49,30) (57,77,93)
(59,30) (55,76,90)
(60,30) (53,86,100)
(5,31) (53,75,95)
(17,31) (70,85,110)
(19,31) (71,87,110)
(20,31) (64,80,102)
(21,31) (59,76,99)
(22,31) (52,72,95)
(30,31) (65,91,104)
(31,31) (60,79,96)
(32,31) (58,77,97)
(33,31) (59,76,98)
(34,31) (60,76,97)
(35,31) (59,76,97)
(36,31) (57,77,97)
(37,31) (56,76,97)
(38,31) (54,74,94)
(39,31) (55,73,93)
(40,31) (54,72,91)
(45,31) (64,84,100)
(46,31) (72,92,108)
(47,31) (75,96,112)
(48,31) (72,92,108)
(49,31) (71,92,108)
(50,31) (71,91,107)
(51,31) (70,90,106)
(52,31) (72,92,108)
(53,31) (67,87,103)
(54,31) (57,77,93)
(55,31) (56,76,92)
(56,31) (54,74,90)
(59,31) (58,78,93)
(60,31) (56,87,102)
(5,32) (52,76,96)
(17,32) (64,81,105)
(18,32) (77,95,118)
(19,32) (68,86,108)
(20,32) (62,80,102)
(21,32) (57,76,97)
(22,32) (52,72,94)
(23,32) (49,75,98)
(32,32) (61,75,98)
(33,32) (61,73,97)
(34,32) (61,72,96)
(35,32) (61,73,97)
(36,32) (61,73,97)
(37,32) (59,72,96)
(38,32) (58,71,95)
(39,32) (56,71,93)
(40,32) (55,71,92)
(44,32) (59,79,95)
(45,32) (65,85,101)
(46,32) (68,88,104)
(47,32) (63,83,99)
(48,32) (60,80,96)
(49,32) (58,78,94)
(50,32) (57,77,93)
(51,32) (58,78,94)
(52,32) (56,77,93)
(53,32) (55,75,91)
(54,32) (55,75,91)
(55,32) (56,76,92)
(56,32) (58,78,94)
(57,32) (61,78,94)
(58,32) (61,76,92)
(59,32) (59,80,96)
(60,32) (57,90,106)
(5,33) (52,77,97)
(17,33) (60,80,102)
(18,33) (74,95,116)
(19,33) (67,88,109)
(20,33) (60,81,101)
(21,33) (52,72,92)
(23,33) (51,72,94)
(24,33) (50,76,99)
(30,33) (71,92,112)
(32,33) (61,72,96)
(33,33) (62,71,96)
(34,33) (61,71,95)
(35,33) (62,71,96)
(36,33) (62,71,96)
(37,33) (61,70,95)
(38,33) (59,69,94)
(39,33) (57,69,92)
(43,33) (54,73,89)
(44,33) (64,84,100)
(45,33) (67,87,103)
(46,33) (64,83,100)
(47,33) (57,77,93)
(48,33) (54,74,90)
(49,33) (54,74,90)
(50,33) (55,75,91)
(51,33) (56,76,92)
(52,33) (56,76,92)
(56,33) (54,73,89)
(57,33) (56,73,90)
(60,33) (50,87,103)
(5,34) (53,80,100)
(12,34) (53,72,92)
(13,34) (54,73,94)
(17,34) (53,76,97)
(19,34) (72,95,114)
(20,34) (65,88,108)
(21,34) (54,75,95)
(24,34) (51,70,95)
(25,34) (48,72,97)
(28,34) (49,83,104)
(31,34) (58,71,94)
(32,34) (61,70,94)
(33,34) (63,70,95)
(34,34) (63,71,95)
(35,34) (62,71,95)
(36,34) (62,71,95)
(37,34) (61,70,94)
(38,34) (60,69,93)
(43,34) (59,77,94)
(44,34) (65,85,101)
(45,34) (65,86,101)
(46,34) (60,81,97)
(47,34) (57,78,94)
(48,34) (58,79,94)
(49,34) (59,79,95)
(50,34) (57,78,93)
(51,34) (58,79,95)
(52,34) (57,78,94)
(53,34) (57,78,93)
(54,34) (56,77,93)
(55,34) (54,74,90)
(59,34) (47,80,97)
(5,35) (55,86,104)
(6,35) (50,76,95)
(18,35) (73,98,117)
(21,35) (69,91,111)
(22,35) (53,74,94)
(26,35) (50,71,95)
(30,35) (54,70,93)
(31,35) (59,71,94)
(32,35) (63,71,94)
(33,35) (64,70,94)
(34,35) (63,71,94)
(35,35) (63,71,94)
(36,35) (62,71,94)
(37,35) (61,70,93)
(38,35) (60,69,92)
(39,35) (58,69,90)
(42,35) (61,76,94)
(43,35) (62,80,97)
(44,35) (65,84,100)
(45,35) (63,84,100)
(46,35) (60,82,97)
(47,35) (59,80,96)
(48,35) (60,81,97)
(49,35) (59,81,96)
(50,35) (57,79,95)
(51,35) (58,81,96)
(52,35) (58,80,95)
(53,35) (56,78,93)
(54,35) (55,77,92)
(57,35) (49,75,92)
(5,36) (59,92,109)
(6,36) (55,82,101)
(7,36) (50,75,93)
(18,36) (51,75,95)
(19,36) (75,98,118)
(22,36) (69,92,112)
(23,36) (59,79,100)
(24,36) (55,71,95)
(28,36) (55,70,94)
(29,36) (56,70,94)
(30,36) (56,70,93)
(31,36) (60,70,92)
(32,36) (63,71,93)
(33,36) (65,72,94)
(34,36) (65,72,94)
(35,36) (64,72,94)
(36,36) (62,72,93)
(37,36) (58,68,90)
(41,36) (61,75,93)
(42,36) (65,79,97)
(43,36) (63,80,97)
(44,36) (61,81,97)
(45,36) (61,83,98)
(46,36) (59,82,97)
(47,36) (58,81,96)
(48,36) (58,81,96)
(49,36) (58,81,96)
(50,36) (58,81,96)
(51,36) (58,81,96)
(52,36) (58,81,96)
(53,36) (57,80,95)
(54,36) (55,78,93)
(57,36) (48,80,96)
(58,36) (49,90,104)
(5,37) (65,99,116)
(6,37) (56,85,103)
(19,37) (52,74,94)
(20,37) (68,89,109)
(24,37) (72,88,110)
(25,37) (61,76,99)
(30,37) (59,71,93)
(31,37) (59,70,91)
(40,37) (60,72,91)
(41,37) (68,81,99)
(42,37) (68,82,100)
(43,37) (65,82,99)
(44,37) (61,80,96)
(45,37) (58,80,96)
(46,37) (57,81,96)
(47,37) (55,80,95)
(48,37) (56,81,96)
(49,37) (57,81,96)
(50,37) (58,81,96)
(51,37) (58,81,96)
(52,37) (58,81,96)
(53,37) (57,80,95)
(54,37) (55,77,92)
(55,37) (53,77,92)
(56,37) (51,78,93)
(57,37) (52,88,103)
(6,38) (57,86,103)
(7,38) (49,77,94)
(21,38) (59,81,101)
(24,38) (79,96,118)
(25,38) (75,90,112)
(26,38) (65,79,102)
(39,38) (61,73,92)
(40,38) (64,77,96)
(41,38) (67,80,98)
(42,38) (65,80,98)
(43,38) (62,79,96)
(44,38) (60,80,96)
(45,38) (57,80,95)
(46,38) (55,80,95)
(47,38) (55,81,95)
(48,38) (55,80,95)
(49,38) (56,80,95)
(50,38) (57,80,95)
(51,38) (59,81,96)
(52,38) (58,79,95)
(53,38) (58,79,95)
(54,38) (57,78,94)
(55,38) (54,80,95)
(56,38) (54,86,101)
(57,38) (48,91,103)
(5,39) (65,100,116)
(6,39) (57,88,105)
(7,39) (49,78,95)
(8,39) (50,82,98)
(16,39) (51,76,97)
(17,39) (54,76,98)
(18,39) (53,76,96)
(22,39) (56,76,97)
(23,39) (67,85,107)
(24,39) (75,92,114)
(25,39) (77,93,115)
(26,39) (76,91,113)
(27,39) (69,83,106)
(28,39) (55,70,92)
(31,39) (57,70,89)
(32,39) (59,73,91)
(33,39) (61,75,93)
(34,39) (63,78,95)
(35,39) (66,80,98)
(36,39) (67,81,99)
(37,39) (68,82,100)
(38,39) (70,84,102)
(39,39) (71,85,103)
(40,39) (72,87,105)
(41,39) (63,79,96)
(42,39) (58,75,92)
(43,39) (60,79,95)
(44,39) (60,80,96)
(45,39) (56,79,94)
(46,39) (54,79,94)
(47,39) (54,79,93)
(48,39) (55,80,94)
(49,39) (56,80,95)
(50,39) (57,80,95)
(51,39) (58,79,95)
(52,39) (59,79,95)
(53,39) (58,79,95)
(54,39) (56,79,96)
(55,39) (54,84,99)
(56,39) (49,88,101)
(5,40) (57,92,109)
(6,40) (52,84,101)
(14,40) (51,82,101)
(15,40) (56,83,103)
(16,40) (57,81,102)
(17,40) (58,80,101)
(18,40) (59,80,100)
(19,40) (57,78,98)
(20,40) (53,74,94)
(21,40) (52,72,93)
(24,40) (60,76,97)
(25,40) (76,91,113)
(26,40) (82,96,118)
(27,40) (79,93,115)
(28,40) (73,87,110)
(29,40) (73,86,108)
(30,40) (76,89,109)
(31,40) (76,91,109)
(32,40) (75,92,109)
(33,40) (74,91,107)
(34,40) (75,91,108)
(35,40) (71,87,105)
(36,40) (69,85,102)
(37,40) (67,83,99)
(38,40) (63,80,96)
(39,40) (59,77,93)
(40,40) (55,75,91)
(44,40) (54,77,92)
(45,40) (54,78,92)
(46,40) (55,79,93)
(47,40) (55,80,94)
(48,40) (54,79,93)
(49,40) (55,79,93)
(50,40) (56,78,93)
(51,40) (57,78,93)
(52,40) (58,78,93)
(53,40) (56,78,94)
(54,40) (53,81,96)
(5,41) (58,96,112)
(6,41) (56,90,108)
(12,41) (53,84,101)
(13,41) (56,85,103)
(14,41) (54,81,99)
(15,41) (53,77,97)
(16,41) (57,78,99)
(17,41) (61,80,101)
(18,41) (60,79,100)
(19,41) (61,79,99)
(20,41) (58,77,96)
(21,41) (57,76,95)
(22,41) (57,75,95)
(23,41) (56,73,93)
(26,41) (72,84,105)
(27,41) (76,89,110)
(28,41) (75,88,109)
(29,41) (74,88,108)
(30,41) (74,89,107)
(31,41) (72,88,105)
(32,41) (69,87,104)
(33,41) (71,88,105)
(34,41) (70,86,103)
(35,41) (67,82,100)
(36,41) (62,78,95)
(37,41) (60,76,92)
(38,41) (58,76,90)
(43,41) (69,99,111)
(47,41) (55,79,93)
(48,41) (55,80,94)
(49,41) (55,79,93)
(50,41) (56,79,94)
(51,41) (57,78,93)
(52,41) (57,78,93)
(53,41) (55,81,96)
(54,41) (48,82,95)
(6,42) (62,99,116)
(7,42) (54,87,104)
(10,42) (53,75,93)
(11,42) (53,75,94)
(12,42) (57,79,99)
(13,42) (57,79,99)
(14,42) (56,78,98)
(15,42) (54,73,94)
(16,42) (58,76,97)
(17,42) (61,78,100)
(18,42) (62,78,100)
(19,42) (61,77,98)
(20,42) (61,77,97)
(21,42) (62,79,98)
(22,42) (61,79,98)
(23,42) (62,78,97)
(24,42) (56,71,91)
(27,42) (75,87,108)
(28,42) (73,85,106)
(29,42) (69,82,102)
(30,42) (66,81,99)
(31,42) (63,80,97)
(32,42) (63,80,97)
(33,42) (62,79,96)
(34,42) (63,78,96)
(35,42) (62,77,95)
(36,42) (61,76,94)
(37,42) (62,80,96)
(38,42) (61,81,96)
(39,42) (52,81,93)
(47,42) (54,79,94)
(48,42) (53,77,92)
(49,42) (55,79,94)
(50,42) (56,78,94)
(51,42) (56,79,95)
(52,42) (52,78,93)
(53,42) (50,84,97)
(6,43) (60,98,115)
(8,43) (56,84,104)
(12,43) (54,71,94)
(13,43) (57,73,97)
(14,43) (55,71,94)
(15,43) (55,70,94)
(16,43) (59,74,98)
(17,43) (62,77,101)
(18,43) (63,78,100)
(19,43) (63,78,99)
(20,43) (63,78,98)
(21,43) (64,80,99)
(22,43) (61,79,98)
(23,43) (63,80,100)
(24,43) (58,74,94)
(27,43) (76,89,109)
(28,43) (71,83,104)
(29,43) (67,80,100)
(30,43) (64,79,98)
(31,43) (61,77,96)
(32,43) (60,76,95)
(33,43) (60,76,95)
(34,43) (62,77,96)
(35,43) (62,77,96)
(36,43) (61,75,95)
(37,43) (61,78,97)
(38,43) (57,79,97)
(49,43) (52,76,92)
(50,43) (53,77,93)
(51,43) (51,78,94)
(52,43) (48,80,96)
(54,43) (49,102,111)
(7,44) (61,97,115)
(9,44) (69,93,115)
(10,44) (60,78,103)
(14,44) (60,71,98)
(15,44) (60,72,98)
(16,44) (62,74,100)
(17,44) (64,77,101)
(18,44) (64,77,100)
(19,44) (64,77,99)
(20,44) (64,79,99)
(21,44) (64,80,99)
(22,44) (61,78,97)
(23,44) (67,84,103)
(24,44) (54,72,91)
(26,44) (58,73,93)
(27,44) (74,88,109)
(28,44) (70,83,103)
(29,44) (66,80,101)
(30,44) (63,77,98)
(31,44) (61,75,96)
(32,44) (61,75,96)
(33,44) (61,75,96)
(34,44) (60,75,96)
(35,44) (62,77,98)
(36,44) (62,77,98)
(37,44) (63,82,103)
(38,44) (53,78,99)
(39,44) (53,89,106)
(49,44) (50,75,92)
(50,44) (50,77,93)
(51,44) (48,81,97)
(8,45) (48,82,100)
(11,45) (62,83,108)
(15,45) (61,72,99)
(16,45) (65,76,102)
(17,45) (65,76,101)
(18,45) (65,77,100)
(19,45) (65,78,100)
(20,45) (64,79,99)
(21,45) (65,80,100)
(22,45) (61,76,96)
(23,45) (69,85,105)
(26,45) (60,76,95)
(27,45) (67,81,102)
(28,45) (67,81,101)
(29,45) (65,80,100)
(30,45) (61,76,96)
(31,45) (60,75,95)
(32,45) (61,75,96)
(33,45) (61,75,96)
(34,45) (62,76,98)
(35,45) (63,78,100)
(36,45) (62,79,100)
(37,45) (60,81,103)
(38,45) (52,79,102)
(49,45) (49,77,94)
(50,45) (52,84,100)
(10,46) (54,86,108)
(13,46) (56,74,100)
(16,46) (57,69,94)
(17,46) (61,73,97)
(18,46) (62,74,97)
(19,46) (64,77,99)
(20,46) (63,78,98)
(21,46) (63,78,98)
(22,46) (63,78,98)
(23,46) (66,82,101)
(26,46) (63,78,98)
(27,46) (63,78,98)
(28,46) (66,81,101)
(29,46) (66,81,101)
(30,46) (64,79,99)
(31,46) (63,78,98)
(32,46) (62,77,97)
(33,46) (62,76,97)
(34,46) (63,77,99)
(35,46) (64,79,101)
(36,46) (67,84,105)
(37,46) (65,86,109)
(38,46) (68,95,118)
(45,46) (55,94,109)
(49,46) (49,82,98)
(50,46) (52,89,104)
(14,47) (69,88,114)
(17,47) (58,73,96)
(18,47) (58,73,95)
(19,47) (61,75,96)
(20,47) (61,76,96)
(21,47) (62,76,96)
(22,47) (63,78,97)
(26,47) (68,83,102)
(27,47) (66,81,101)
(28,47) (68,83,103)
(29,47) (71,86,106)
(31,47) (73,87,107)
(32,47) (62,77,96)
(33,47) (62,76,96)
(34,47) (63,77,98)
(35,47) (64,79,100)
(36,47) (69,85,107)
(37,47) (69,89,111)
(38,47) (65,90,112)
(45,47) (55,91,107)
(48,47) (50,84,100)
(49,47) (51,90,104)
(50,47) (48,91,103)
(13,48) (63,94,115)
(15,48) (72,96,119)
(16,48) (55,77,100)
(19,48) (56,72,93)
(20,48) (58,73,93)
(21,48) (62,76,96)
(22,48) (62,76,97)
(25,48) (61,77,97)
(26,48) (70,85,105)
(27,48) (68,82,103)
(28,48) (68,82,103)
(29,48) (71,85,106)
(30,48) (75,90,110)
(31,48) (70,85,105)
(32,48) (63,78,98)
(33,48) (63,78,98)
(34,48) (63,78,98)
(35,48) (64,79,100)
(36,48) (64,80,102)
(37,48) (67,86,107)
(38,48) (61,83,104)
(39,48) (53,79,100)
(40,48) (56,85,106)
(42,48) (62,95,115)
(47,48) (48,84,100)
(48,48) (56,96,110)
(49,48) (50,95,108)
(16,49) (67,95,117)
(17,49) (57,82,104)
(21,49) (60,74,96)
(22,49) (60,74,96)
(25,49) (64,78,100)
(26,49) (68,82,104)
(27,49) (67,81,103)
(28,49) (66,80,102)
(29,49) (63,78,100)
(30,49) (59,75,95)
(31,49) (60,76,97)
(32,49) (64,79,100)
(33,49) (65,80,101)
(34,49) (66,81,102)
(35,49) (65,81,103)
(36,49) (60,77,100)
(37,49) (59,78,100)
(38,49) (55,77,98)
(39,49) (54,78,100)
(40,49) (50,77,99)
(46,49) (47,84,101)
(47,49) (53,94,109)
(48,49) (54,100,114)
(18,50) (61,88,109)
(24,50) (56,69,92)
(25,50) (63,77,100)
(26,50) (64,79,102)
(27,50) (64,78,102)
(28,50) (65,79,102)
(29,50) (62,77,100)
(30,50) (58,75,97)
(31,50) (59,76,98)
(32,50) (59,76,99)
(33,50) (59,77,100)
(34,50) (59,77,99)
(35,50) (55,73,96)
(36,50) (53,72,96)
(42,50) (48,78,98)
(43,50) (52,84,103)
(44,50) (58,92,110)
(45,50) (63,100,118)
(47,50) (54,102,116)
(19,51) (68,95,117)
(20,51) (53,75,99)
(23,51) (57,72,95)
(24,51) (64,78,101)
(25,51) (61,76,99)
(26,51) (54,70,94)
(36,51) (52,77,99)
(37,51) (53,81,104)
(38,51) (65,95,118)
(44,51) (61,101,119)
(45,51) (50,94,111)
(19,52) (61,97,118)
(21,52) (70,94,118)
(22,52) (67,88,111)
(23,52) (74,92,115)
(24,52) (75,93,114)
(25,52) (63,82,104)
(31,52) (51,77,101)
(32,52) (55,84,107)
(33,52) (64,95,118)
(39,52) (56,97,118)
(45,52) (47,100,114)
(20,53) (50,90,110)
(22,53) (67,95,117)
(23,53) (66,91,113)
(24,53) (69,94,114)
(25,53) (67,92,114)
(26,53) (67,93,116)
(27,53) (69,96,119)
(28,53) (67,95,117)
(34,53) (53,96,116)
(22,54) (58,97,117)
(27,54) (58,99,118)
(28,54) (47,90,108)
(43,56) (47,102,117)
(37,57) (49,105,120)
--
(158,227,232)
-
(21,0) (113,167,171)
(22,0) (126,191,195)
(23,0) (136,209,213)
(36,0) (112,187,195)
(37,0) (89,164,171)
(47,0) (98,155,169)
(16,1) (132,192,198)
(30,1) (115,197,202)
(31,1) (89,166,173)
(44,1) (123,195,205)
(48,1) (132,197,207)
(15,2) (139,216,222)
(24,2) (124,199,205)
(25,2) (90,166,172)
(14,3) (123,204,212)
(18,3) (108,189,186)
(47,3) (103,175,183)
(51,3) (141,197,208)
(13,4) (121,192,203)
(12,5) (96,163,172)
(16,5) (88,165,175)
(50,5) (142,205,213)
(54,5) (151,208,218)
(15,6) (85,161,175)
(20,6) (103,158,167)
(21,6) (146,187,200)
(22,6) (140,169,184)
(51,6) (102,163,172)
(14,7) (91,168,180)
(19,7) (145,209,215)
(24,7) (124,152,168)
(53,7) (142,200,211)
(10,8) (137,211,214)
(13,8) (112,188,196)
(18,8) (135,202,209)
(20,8) (127,191,194)
(22,8) (142,186,196)
(24,8) (161,197,209)
(59,8) (123,177,185)
(9,9) (130,201,205)
(12,9) (127,202,207)
(23,9) (116,163,171)
(56,9) (117,180,188)
(8,10) (111,184,188)
(11,10) (143,216,221)
(18,10) (139,206,210)
(19,10) (143,212,213)
(23,10) (120,173,178)
(25,10) (128,164,177)
(62,10) (123,173,185)
(7,11) (100,172,178)
(10,11) (141,215,222)
(18,11) (117,181,187)
(21,11) (134,196,197)
(22,11) (136,193,196)
(59,11) (128,197,204)
(63,11) (123,168,180)
(6,12) (94,167,172)
(60,12) (123,194,200)
(51,14) (137,177,186)
(4,15) (137,208,211)
(54,15) (123,158,173)
(64,15) (110,157,167)
(3,16) (132,203,206)
(6,16) (94,161,168)
(53,16) (130,174,185)
(64,16) (123,177,188)
(2,17) (116,186,190)
(5,17) (107,175,181)
(49,17) (161,203,211)
(53,17) (142,184,196)
(61,17) (133,218,225)
(64,17) (120,186,195)
(1,18) (126,197,199)
(4,18) (106,173,180)
(53,18) (153,191,204)
(61,18) (122,206,213)
(64,18) (128,203,212)
(0,19) (105,175,176)
(3,19) (128,197,203)
(61,19) (111,194,201)
(64,19) (139,218,226)
(2,20) (127,203,204)
(33,20) (145,201,208)
(35,20) (132,181,190)
(61,20) (88,168,176)
(1,21) (141,222,222)
(32,21) (142,205,211)
(36,21) (117,172,180)
(1,22) (135,216,216)
(31,22) (107,165,174)
(31,23) (149,214,221)
(33,23) (125,206,208)
(35,23) (125,207,208)
(37,23) (143,209,214)
(26,24) (105,162,171)
(27,24) (103,159,168)
(28,24) (102,155,164)
(29,24) (102,158,166)
(30,24) (139,200,206)
(33,24) (119,204,205)
(35,24) (105,192,192)
(38,24) (113,171,179)
(62,24) (126,215,218)
(65,24) (93,167,175)
(24,25) (146,204,215)
(62,25) (111,201,202)
(65,25) (112,191,199)
(23,26) (110,162,177)
(62,26) (112,201,202)
(65,26) (119,203,210)
(26,27) (126,216,213)
(29,27) (107,162,161)
(30,27) (151,206,206)
(31,27) (138,199,200)
(37,27) (138,202,203)
(62,27) (97,185,187)
(65,27) (126,213,219)
(2,28) (86,167,175)
(24,28) (118,196,205)
(27,28) (108,190,184)
(38,28) (129,177,184)
(62,28) (89,174,177)
(2,29) (91,175,181)
(2,30) (100,184,190)
(25,30) (107,189,195)
(0,31) (129,226,227)
(2,31) (112,196,202)
(26,31) (133,214,220)
(29,31) (135,178,187)
(0,32) (122,215,217)
(2,32) (123,207,213)
(0,33) (122,211,215)
(2,33) (132,218,223)
(27,33) (106,156,175)
(63,33) (126,216,223)
(0,34) (118,204,209)
(0,35) (108,193,199)
(65,35) (126,203,213)
(0,36) (107,191,196)
(13,36) (137,169,187)
(14,36) (169,197,218)
(61,36) (129,206,214)
(0,37) (109,191,198)
(11,37) (136,177,189)
(60,37) (115,186,193)
(0,38) (109,191,198)
(13,38) (159,198,214)
(59,38) (104,171,179)
(0,39) (102,184,190)
(3,39) (108,173,185)
(9,39) (156,193,206)
(62,39) (97,165,177)
(0,40) (89,172,178)
(3,40) (115,178,190)
(61,40) (109,175,186)
(0,41) (84,169,175)
(3,41) (123,187,197)
(41,41) (160,190,202)
(42,41) (136,168,179)
(60,41) (141,207,217)
(0,42) (88,169,175)
(3,42) (121,185,196)
(40,42) (132,168,179)
(45,42) (139,168,182)
(46,42) (144,171,185)
(56,42) (142,211,216)
(0,43) (88,162,169)
(3,43) (142,208,219)
(40,43) (120,163,174)
(45,43) (127,162,177)
(55,43) (133,200,206)
(1,44) (136,209,217)
(4,44) (142,202,213)
(40,44) (136,184,197)
(44,44) (159,204,218)
(45,44) (118,158,173)
(54,44) (128,191,198)
(1,45) (118,185,195)
(45,45) (142,183,198)
(46,45) (125,160,176)
(53,45) (107,168,176)
(2,46) (122,191,200)
(7,46) (136,193,204)
(39,46) (149,185,205)
(40,46) (152,196,214)
(41,46) (145,194,210)
(42,46) (123,176,191)
(43,46) (107,157,172)
(44,46) (131,176,191)
(56,46) (113,188,194)
(41,47) (151,191,210)
(42,47) (114,156,175)
(55,47) (130,201,207)
(5,48) (117,190,197)
(10,48) (128,181,194)
(7,49) (134,213,218)
(8,50) (115,188,195)
(13,50) (131,189,201)
(48,51) (125,182,194)
(52,51) (103,157,169)
(11,52) (101,170,178)
(16,52) (101,163,174)
(47,52) (119,179,191)
(51,52) (114,170,182)
(42,53) (117,170,186)
(43,53) (143,198,212)
(50,53) (137,195,208)
(14,54) (106,178,188)
(37,54) (121,179,194)
(49,54) (125,181,194)
(20,55) (136,202,214)
(31,55) (122,184,198)
(45,55) (150,210,222)
(46,55) (125,183,196)
(17,56) (112,187,195)
(24,56) (103,172,182)
(25,56) (124,194,202)
(26,56) (145,215,223)
(39,56) (146,205,219)
(40,56) (121,179,193)
(34,57) (132,195,208)
(35,57) (102,163,177)
(20,58) (137,203,215)
(27,58) (128,194,204)
(28,58) (102,167,178)
(11,6) (90,159,164)
(56,6) (98,153,163)
(19,54) (94,155,169)
(36,54) (96,154,169)
(24,0) (150,227,232)
(25,0) (154,232,238)
(26,0) (164,244,248)
(27,0) (170,251,255)
(28,0) (170,252,255)
(29,0) (168,251,255)
(30,0) (171,255,255)
(31,0) (170,253,255)
(32,0) (167,248,253)
(33,0) (167,245,251)
(34,0) (163,239,246)
(35,0) (148,223,231)
(43,0) (149,223,231)
(44,0) (192,255,255)
(45,0) (185,255,255)
(46,0) (170,234,246)
(17,1) (167,228,231)
(18,1) (180,240,243)
(19,1) (189,247,248)
(20,1) (192,250,250)
(21,1) (179,245,245)
(22,1) (180,254,255)
(23,1) (179,255,255)
(24,1) (178,255,255)
(25,1) (174,255,255)
(26,1) (169,254,255)
(27,1) (162,247,251)
(28,1) (156,240,245)
(29,1) (142,225,230)
(45,1) (173,249,255)
(46,1) (176,251,255)
(47,1) (181,252,255)
(16,2) (176,255,255)
(17,2) (181,255,255)
(18,2) (185,255,255)
(19,2) (190,255,255)
(20,2) (187,252,251)
(21,2) (176,242,243)
(22,2) (164,234,237)
(23,2) (150,224,229)
(46,2) (152,227,236)
(47,2) (183,255,255)
(48,2) (194,255,255)
(49,2) (169,235,244)
(15,3) (165,251,255)
(16,3) (168,253,255)
(17,3) (155,240,239)
(48,3) (163,235,243)
(49,3) (187,255,255)
(50,3) (196,255,255)
(14,4) (163,248,255)
(15,4) (174,255,255)
(16,4) (155,239,245)
(49,4) (166,231,240)
(50,4) (185,250,255)
(51,4) (193,255,255)
(52,4) (185,244,254)
(13,5) (170,247,255)
(14,5) (164,247,255)
(15,5) (162,244,254)
(51,5) (176,241,249)
(52,5) (184,247,255)
(53,5) (192,253,255)
(12,6) (155,231,237)
(13,6) (167,247,255)
(14,6) (153,232,244)
(52,6) (170,232,241)
(53,6) (179,242,251)
(54,6) (190,251,255)
(55,6) (184,242,252)
(11,7) (151,227,230)
(12,7) (170,251,255)
(13,7) (156,236,244)
(20,7) (207,255,255)
(21,7) (208,255,255)
(22,7) (215,250,255)
(23,7) (222,251,255)
(54,7) (194,255,255)
(55,7) (186,247,255)
(56,7) (198,255,255)
(57,7) (165,222,230)
(11,8) (166,245,248)
(12,8) (175,254,255)
(19,8) (188,255,255)
(23,8) (211,249,255)
(55,8) (156,216,226)
(56,8) (193,255,255)
(57,8) (207,255,255)
(58,8) (190,250,255)
(10,9) (170,248,250)
(11,9) (168,246,249)
(18,9) (162,230,235)
(19,9) (159,228,230)
(24,9) (186,229,239)
(57,9) (183,249,255)
(58,9) (190,255,255)
(59,9) (196,255,255)
(60,9) (171,229,238)
(9,10) (164,242,246)
(10,10) (177,254,255)
(24,10) (201,248,255)
(58,10) (169,238,245)
(59,10) (177,246,253)
(60,10) (187,252,255)
(61,10) (194,252,255)
(8,11) (162,242,246)
(9,11) (174,253,255)
(19,11) (179,245,248)
(20,11) (186,251,252)
(23,11) (202,254,255)
(24,11) (173,218,228)
(60,11) (176,244,251)
(61,11) (188,253,255)
(62,11) (210,255,255)
(7,12) (162,242,246)
(8,12) (176,255,255)
(9,12) (155,231,238)
(19,12) (166,226,231)
(20,12) (194,252,255)
(21,12) (211,255,255)
(22,12) (198,250,255)
(23,12) (163,210,218)
(61,12) (183,255,255)
(62,12) (205,255,255)
(63,12) (195,248,255)
(6,13) (150,228,231)
(7,13) (176,255,255)
(8,13) (149,226,231)
(61,13) (179,255,255)
(62,13) (201,255,255)
(63,13) (196,255,255)
(5,14) (162,234,238)
(6,14) (175,253,255)
(7,14) (164,240,244)
(50,14) (189,227,236)
(61,14) (167,247,253)
(62,14) (192,255,255)
(63,14) (191,255,255)
(5,15) (180,255,255)
(6,15) (176,250,255)
(50,15) (169,215,222)
(51,15) (176,224,231)
(52,15) (187,233,242)
(53,15) (206,246,255)
(61,15) (150,232,239)
(62,15) (184,255,255)
(63,15) (197,255,255)
(4,16) (174,250,252)
(5,16) (173,247,250)
(50,16) (183,234,239)
(51,16) (178,231,236)
(52,16) (187,236,244)
(61,16) (138,222,229)
(62,16) (177,255,255)
(63,16) (196,255,255)
(3,17) (168,243,246)
(4,17) (176,250,254)
(50,17) (208,255,255)
(51,17) (190,242,248)
(52,17) (207,255,255)
(62,17) (171,255,255)
(63,17) (191,255,255)
(2,18) (170,245,247)
(3,18) (174,247,251)
(52,18) (177,218,229)
(62,18) (169,255,255)
(63,18) (189,255,255)
(1,19) (165,241,242)
(2,19) (183,255,255)
(62,19) (167,255,255)
(63,19) (188,255,255)
(0,20) (159,236,235)
(1,20) (171,250,249)
(34,20) (166,219,227)
(62,20) (161,252,255)
(63,20) (181,255,255)
(64,20) (155,236,243)
(0,21) (169,249,249)
(33,21) (177,244,248)
(34,21) (177,242,247)
(35,21) (190,251,255)
(62,21) (156,247,253)
(63,21) (176,255,255)
(64,21) (157,239,246)
(0,22) (170,253,253)
(32,22) (168,238,242)
(33,22) (158,234,237)
(34,22) (159,235,238)
(35,22) (187,255,255)
(36,22) (170,238,242)
(62,22) (148,238,244)
(63,22) (168,255,255)
(64,22) (161,246,252)
(0,23) (170,253,252)
(1,23) (144,225,226)
(32,23) (178,253,255)
(36,23) (178,255,255)
(62,23) (137,227,231)
(63,23) (161,255,255)
(64,23) (167,255,255)
(0,24) (168,254,253)
(1,24) (149,231,232)
(31,24) (158,229,233)
(32,24) (170,250,252)
(36,24) (150,235,234)
(37,24) (174,247,250)
(63,24) (161,255,255)
(64,24) (173,255,255)
(0,25) (161,250,250)
(1,25) (155,239,242)
(25,25) (175,242,249)
(26,25) (176,245,249)
(27,25) (182,248,252)
(28,25) (188,248,252)
(29,25) (185,245,249)
(30,25) (177,242,244)
(31,25) (160,235,236)
(32,25) (156,240,239)
(33,25) (158,245,244)
(34,25) (153,240,239)
(35,25) (145,232,231)
(36,25) (159,244,244)
(37,25) (180,254,255)
(38,25) (177,238,244)
(63,25) (160,255,255)
(64,25) (173,255,255)
(0,26) (153,246,247)
(1,26) (165,254,255)
(24,26) (175,244,254)
(25,26) (164,244,248)
(26,26) (145,226,226)
(27,26) (152,226,225)
(28,26) (175,238,238)
(29,26) (185,246,246)
(30,26) (180,242,242)
(31,26) (180,251,250)
(32,26) (166,246,246)
(33,26) (164,246,245)
(34,26) (171,251,251)
(35,26) (172,251,251)
(36,26) (174,252,252)
(37,26) (174,244,245)
(38,26) (193,253,255)
(39,26) (168,215,224)
(63,26) (160,255,255)
(64,26) (171,255,255)
(0,27) (147,243,245)
(1,27) (165,255,255)
(24,27) (152,228,237)
(25,27) (156,245,247)
(38,27) (205,255,255)
(39,27) (182,227,235)
(63,27) (156,255,255)
(64,27) (167,255,255)
(0,28) (139,238,239)
(1,28) (164,255,255)
(25,28) (149,242,243)
(26,28) (153,249,245)
(63,28) (153,253,254)
(64,28) (165,255,255)
(65,28) (135,223,229)
(0,29) (135,233,234)
(1,29) (160,255,255)
(25,29) (148,239,241)
(26,29) (147,243,240)
(27,29) (167,249,245)
(63,29) (151,248,252)
(64,29) (163,255,255)
(65,29) (146,233,240)
(0,30) (131,228,230)
(1,30) (158,255,255)
(26,30) (144,234,235)
(27,30) (161,242,241)
(28,30) (160,225,226)
(63,30) (145,241,246)
(64,30) (161,255,255)
(65,30) (156,242,250)
(1,31) (161,255,255)
(27,31) (158,235,239)
(28,31) (173,237,241)
(63,31) (141,236,241)
(64,31) (156,254,255)
(65,31) (157,243,252)
(1,32) (162,255,255)
(27,32) (163,228,240)
(28,32) (195,252,255)
(29,32) (209,248,255)
(63,32) (139,232,238)
(64,32) (154,251,255)
(65,32) (165,250,255)
(1,33) (163,255,255)
(28,33) (186,234,250)
(29,33) (170,206,223)
(64,33) (156,250,255)
(65,33) (175,255,255)
(1,34) (164,255,255)
(2,34) (142,228,234)
(63,34) (143,232,240)
(64,34) (159,251,255)
(65,34) (166,247,255)
(1,35) (161,253,255)
(2,35) (153,239,246)
(62,35) (140,223,231)
(63,35) (159,249,255)
(64,35) (171,255,255)
(1,36) (160,251,255)
(2,36) (157,244,251)
(62,36) (158,244,251)
(63,36) (166,253,255)
(64,36) (152,233,241)
(1,37) (159,250,255)
(2,37) (162,248,255)
(12,37) (198,237,252)
(13,37) (230,255,255)
(14,37) (232,255,255)
(61,37) (171,251,255)
(62,37) (158,243,251)
(63,37) (153,234,243)
(1,38) (159,248,254)
(2,38) (167,252,255)
(10,38) (163,208,218)
(11,38) (212,255,255)
(12,38) (216,255,255)
(60,38) (168,243,249)
(61,38) (161,240,247)
(62,38) (162,240,250)
(1,39) (159,246,253)
(2,39) (175,255,255)
(10,39) (222,255,255)
(11,39) (171,216,227)
(59,39) (178,248,255)
(60,39) (166,242,248)
(61,39) (167,242,250)
(1,40) (159,246,253)
(2,40) (176,255,255)
(58,40) (174,241,248)
(59,40) (175,247,254)
(60,40) (175,248,255)
(1,41) (157,244,250)
(2,41) (180,255,255)
(57,41) (160,228,233)
(58,41) (173,246,251)
(59,41) (180,252,255)
(1,42) (160,244,250)
(2,42) (185,255,255)
(41,42) (206,247,255)
(42,42) (218,255,255)
(43,42) (197,236,247)
(57,42) (173,250,253)
(58,42) (184,255,255)
(59,42) (157,226,234)
(1,43) (157,236,243)
(2,43) (179,255,255)
(41,43) (191,239,250)
(42,43) (195,243,254)
(43,43) (216,255,255)
(44,43) (179,219,231)
(56,43) (178,255,255)
(57,43) (174,255,255)
(58,43) (164,241,246)
(2,44) (172,249,255)
(3,44) (187,255,255)
(41,44) (188,241,253)
(42,44) (177,231,244)
(43,44) (191,242,255)
(55,44) (179,254,255)
(56,44) (173,255,255)
(57,44) (168,249,255)
(2,45) (181,255,255)
(3,45) (177,251,255)
(4,45) (186,255,255)
(5,45) (184,246,255)
(40,45) (161,210,225)
(41,45) (183,238,251)
(42,45) (181,238,251)
(43,45) (158,213,225)
(54,45) (184,254,255)
(55,45) (169,247,252)
(56,45) (169,250,255)
(3,46) (177,251,255)
(4,46) (165,241,245)
(5,46) (176,249,254)
(6,46) (194,255,255)
(53,46) (176,243,249)
(54,46) (175,248,253)
(55,46) (183,255,255)
(4,47) (147,223,229)
(5,47) (162,239,245)
(6,47) (161,236,243)
(7,47) (196,255,255)
(8,47) (171,233,243)
(52,47) (173,234,240)
(53,47) (186,254,255)
(54,47) (191,255,255)
(6,48) (158,237,242)
(7,48) (163,242,248)
(8,48) (184,255,255)
(9,48) (204,255,255)
(51,48) (174,232,240)
(52,48) (185,249,255)
(53,48) (197,255,255)
(54,48) (152,216,223)
(8,49) (169,250,255)
(9,49) (175,249,255)
(10,49) (196,255,255)
(11,49) (174,231,242)
(50,49) (163,220,230)
(51,49) (184,245,253)
(52,49) (192,255,255)
(53,49) (176,236,244)
(9,50) (157,232,237)
(10,50) (165,238,243)
(11,50) (178,247,254)
(12,50) (196,255,255)
(49,50) (155,213,224)
(50,50) (190,252,255)
(51,50) (188,250,255)
(52,50) (182,241,251)
(10,51) (148,220,225)
(11,51) (176,251,255)
(12,51) (171,247,253)
(13,51) (185,255,255)
(14,51) (154,219,229)
(49,51) (191,252,255)
(50,51) (183,247,255)
(51,51) (187,247,255)
(12,52) (167,245,251)
(13,52) (173,253,255)
(14,52) (181,255,255)
(15,52) (172,242,251)
(48,52) (181,243,254)
(49,52) (185,248,255)
(50,52) (188,250,255)
(13,53) (142,220,227)
(14,53) (167,248,254)
(15,53) (168,247,253)
(16,53) (183,255,255)
(17,53) (154,220,230)
(44,53) (166,223,236)
(45,53) (181,241,253)
(46,53) (187,249,255)
(47,53) (188,252,255)
(48,53) (185,249,255)
(49,53) (205,255,255)
(15,54) (162,240,247)
(16,54) (157,238,242)
(17,54) (172,249,255)
(18,54) (174,244,255)
(38,54) (160,220,234)
(39,54) (183,243,255)
(40,54) (188,249,255)
(41,54) (191,252,255)
(42,54) (194,255,255)
(43,54) (197,255,255)
(44,54) (197,255,255)
(45,54) (196,255,255)
(46,54) (199,255,255)
(47,54) (198,255,255)
(48,54) (190,251,255)
(16,55) (156,233,239)
(17,55) (162,241,247)
(18,55) (171,248,255)
(19,55) (186,255,255)
(32,55) (150,214,227)
(33,55) (166,230,243)
(34,55) (179,242,255)
(35,55) (189,253,255)
(36,55) (193,255,255)
(37,55) (192,255,255)
(38,55) (193,255,255)
(39,55) (193,255,255)
(40,55) (194,255,255)
(41,55) (192,254,255)
(42,55) (189,252,255)
(43,55) (185,247,255)
(44,55) (171,232,244)
(18,56) (173,251,255)
(19,56) (166,243,252)
(20,56) (171,247,255)
(21,56) (157,229,239)
(27,56) (163,233,243)
(28,56) (175,246,255)
(29,56) (184,255,255)
(30,56) (187,255,255)
(31,56) (189,255,255)
(32,56) (190,255,255)
(33,56) (187,255,255)
(34,56) (188,255,255)
(35,56) (188,253,255)
(36,56) (184,249,255)
(37,56) (182,246,255)
(38,56) (165,227,240)
(19,57) (157,232,241)
(20,57) (168,245,253)
(21,57) (170,248,255)
(22,57) (175,252,255)
(23,57) (177,254,255)
(24,57) (180,255,255)
(25,57) (180,255,255)
(26,57) (180,255,255)
(27,57) (181,255,255)
(28,57) (181,255,255)
(29,57) (180,253,255)
(30,57) (180,252,255)
(31,57) (172,242,253)
(32,57) (159,228,239)
(33,57) (149,214,227)
(21,58) (183,252,255)
(22,58) (183,254,255)
(23,58) (184,255,255)
(24,58) (178,250,255)
(25,58) (164,235,242)
(26,58) (148,217,225)
