(0,0) (35,46,60)
(1,0) (34,46,61)
(2,0) (32,45,62)
(3,0) (32,45,62)
(4,0) (32,45,62)
(5,0) (32,45,62)
(6,0) (32,45,62)
(7,0) (32,45,60)
(8,0) (33,47,61)
(9,0) (33,46,61)
(10,0) (33,46,63)
(11,0) (31,45,64)
(12,0) (27,47,66)
(13,0) (21,48,66)
(14,0) (16,50,65)
(15,0) (20,57,70)
(16,0) (34,71,82)
(17,0) (47,84,94)
(18,0) (50,88,96)
(19,0) (70,110,117)
(20,0) (100,143,149)
(21,0) (113,167,171)
(22,0) (126,191,195)
(23,0) (136,209,213)
(24,0) (150,227,232)
(25,0) (154,232,238)
(26,0) (164,244,248)
(27,0) (170,251,255)
(28,0) (170,252,255)
(29,0) (168,251,255)
(30,0) (171,255,255)
(31,0) (170,253,255)
(32,0) (167,248,253)
(33,0) (167,245,251)
(34,0) (163,239,246)
(35,0) (148,223,231)
(36,0) (112,187,195)
(37,0) (89,164,171)
(38,0) (76,150,158)
(39,0) (56,127,135)
(40,0) (28,96,105)
(41,0) (16,85,94)
(42,0) (67,139,147)
(43,0) (149,223,231)
(44,0) (192,255,255)
(45,0) (185,255,255)
(46,0) (170,234,246)
(47,0) (98,155,169)
(48,0) (5,56,69)
(49,0) (0,35,50)
(50,0) (10,46,62)
(51,0) (16,46,63)
(52,0) (21,47,64)
(53,0) (25,46,64)
(54,0) (25,42,60)
(55,0) (25,40,58)
(56,0) (25,39,58)
(57,0) (26,39,57)
(58,0) (26,39,56)
(59,0) (26,40,55)
(60,0) (26,40,53)
(61,0) (27,41,54)
(62,0) (28,42,56)
(63,0) (29,42,56)
(64,0) (29,40,55)
(65,0) (29,40,54)
(0,1) (35,46,60)
(1,1) (34,46,61)
(2,1) (32,45,61)
(3,1) (32,45,62)
(4,1) (32,45,61)
(5,1) (32,45,61)
(6,1) (32,45,61)
(7,1) (33,46,62)
(8,1) (33,46,62)
(9,1) (35,47,64)
(10,1) (34,47,65)
(11,1) (30,47,67)
(12,1) (23,48,68)
(13,1) (18,57,74)
(14,1) (14,66,79)
(15,1) (57,115,124)
(16,1) (132,192,198)
(17,1) (167,228,231)
(18,1) (180,240,243)
(19,1) (189,247,248)
(20,1) (192,250,250)
(21,1) (179,245,245)
(22,1) (180,254,255)
(23,1) (179,255,255)
(24,1) (178,255,255)
(25,1) (174,255,255)
(26,1) (169,254,255)
(27,1) (162,247,251)
(28,1) (156,240,245)
(29,1) (142,225,230)
(30,1) (115,197,202)
(31,1) (89,166,173)
(32,1) (64,137,145)
(33,1) (49,118,128)
